00
00
00
00
00
00
00
00
00
00
00
00
3F
00
00
3F
3F
00
3F
00
00
00
02
3F
00
00
02
00
00
3F
03
00
04
3E
00
02
3E
04
00
3F
3E
00
13
3E
00
00
3F
3E
00
16
3E
3F
00
3F
3E
00
12
3E
3F
00
3F
3E
00
0B
3E
3F
00
3F
3E
00
00
3E
00
00
01
3E
00
00
3F
04
00
00
04
00
00
01
00
00
00
00
00
00
00
00
00
00
00
00
00
00
00
00
00
00
00
00
00
00
00
00
3F
00
00
3F
3F
00
3F
3E
00
00
3E
3F
00
3F
3F
00
00
02
3F
00
3F
03
00
00
3E
02
00
3F
01
00
00
3E
04
00
3F
3E
00
10
3E
04
00
3F
3E
00
11
3E
04
00
3F
3E
00
00
3E
04
00
02
01
00
00
02
00
00
3F
03
00
00
3F
3F
00
3F
3F
00
00
3F
00
00
00
00
00
00
00
00
00
00
00
00
00
00
00
00
00
00
00
00
00
00
00
00
3F
00
00
3F
3F
00
3F
3E
15
00
3E
03
00
3F
3E
07
00
3E
03
00
3F
01
00
00
3E
04
00
3F
03
00
00
03
04
00
3F
3E
00
00
03
00
00
02
3E
00
00
3E
3F
00
04
03
00
00
3E
3F
00
03
02
00
00
03
3F
00
04
3E
00
00
3F
3F
00
3F
3F
00
00
3F
00
00
00
00
00
00
00
00
00
00
00
00
00
00
00
00
00
00
00
00
00
00
00
00
3F
00
00
3F
3F
00
3F
01
00
00
3F
04
00
3F
00
00
00
02
01
00
3F
3E
0E
00
03
3F
00
01
3E
12
00
03
3F
00
03
3E
10
00
3E
3F
00
04
3E
0A
00
3E
00
00
04
3E
00
00
3E
04
00
03
01
00
00
00
3F
00
04
02
00
00
01
3F
00
3F
3F
00
00
3F
00
00
00
00
00
00
00
00
00
00
00
00
00
00
00
00
00
00
00
00
00
00
00
00
3F
00
00
00
3F
00
3F
03
00
00
03
3F
00
01
02
00
00
3E
3F
00
04
3E
00
00
3E
01
00
02
3E
03
00
3E
3F
00
00
3E
10
00
3E
3F
00
00
3E
0D
00
3E
3F
00
03
3E
10
00
3E
3F
00
04
3E
10
00
01
03
00
3F
01
00
00
00
01
00
3F
3F
00
00
3F
00
00
00
00
00
00
00
00
00
00
00
00
00
00
00
00
00
00
00
00
00
00
00
00
3F
00
00
02
3F
00
0A
03
00
00
03
04
00
05
02
00
00
02
03
00
04
03
00
00
03
04
00
04
03
00
00
03
04
00
03
02
03
00
03
04
00
03
3E
0F
00
03
04
00
04
02
10
00
03
04
00
04
02
07
00
03
05
00
03
03
00
00
02
09
00
3F
02
00
00
3F
00
00
00
00
00
00
00
00
00
00
00
00
00
00
00
00
00
00
00
00
00
08
00
00
00
00
00
3F
00
00
3F
03
00
00
03
3F
00
3F
02
00
00
3E
3F
00
3F
03
00
00
3E
3F
00
3F
03
00
00
3E
3F
00
3F
02
00
00
3E
3F
00
3F
00
00
00
3E
3F
00
04
3E
0E
00
02
3F
00
04
02
02
00
03
05
00
3F
01
00
00
3E
3F
00
3F
3F
00
00
3F
00
00
00
00
00
00
00
00
00
00
00
00
00
00
00
00
00
00
00
00
00
00
00
00
3F
00
00
3F
3F
00
3F
3E
00
00
01
3F
00
3F
3E
00
00
3E
3F
00
3F
3E
00
00
00
3F
00
3F
3E
00
00
03
3F
00
3F
3E
00
00
00
3F
00
3F
3E
00
00
3E
3F
00
3F
01
00
00
3E
3F
00
3F
02
00
00
3E
3F
00
3F
3E
00
00
3E
3F
00
3F
3F
00
00
3F
02
00
00
00
00
00
00
00
00
00
00
00
00
00
00
00
00
00
00
00
00
00
00
00
3F
00
00
3F
3F
00
3F
3E
00
00
3E
03
00
3F
3E
00
0C
3E
03
00
3F
3E
00
0F
3E
3F
00
3F
3E
00
11
3E
3F
00
3F
00
00
07
3E
3F
00
3F
02
00
00
3E
3F
00
3F
02
00
00
3E
3F
00
3F
3E
00
00
3E
3F
00
3F
3E
00
00
3F
3F
00
3F
3F
00
00
03
00
00
00
00
00
00
00
00
00
00
00
00
00
00
00
00
00
00
00
00
00
00
00
00
3F
00
00
3F
04
00
3F
3E
00
00
3E
04
00
3F
3E
00
00
3E
02
00
3F
03
00
00
3E
3F
00
3F
03
00
00
01
3F
00
3F
3F
00
00
03
3F
00
3F
3E
00
00
03
3F
00
03
3E
00
00
3E
3F
00
04
3E
00
00
3E
3F
00
04
3E
00
00
3F
3F
00
01
3F
00
00
3F
00
00
00
00
00
00
00
00
00
00
00
00
00
00
00
00
00
00
00
00
00
00
00
00
00
00
00
00
00
00
00
00
00
00
00
00
00
00
00
00
00
00
00
00
00
00
00
00
00
00
00
00
00
00
00
00
00
00
00
00
00
00
00
00
00
00
00
00
00
00
00
00
00
00
00
00
00
00
00
00
00
00
00
00
00
00
00
00
00
00
00
00
00
00
00
00
00
00
00
00
00
00
00
00
00
00
00
00
00
00

