00
00
00
00
00
00
00
00
00
00
00
00
00
00
00
00
01
00
00
00
7F
00
7F
02
00
00
03
7F
00
7F
02
00
00
03
7F
00
7F
03
00
00
02
7F
00
01
01
00
00
7E
04
00
03
7D
00
00
7E
04
00
04
7E
00
00
7E
00
00
04
02
00
00
00
7F
00
04
02
00
00
02
7F
00
00
7F
00
00
7F
00
00
7F
7F
00
00
7F
00
00
00
00
00
00
00
00
00
00
00
00
00
00
00
00
00
00
00
00
00
00
00
00
7F
00
00
7F
7F
00
01
7E
00
00
03
7F
00
01
02
00
03
7E
03
00
7F
7E
00
13
7E
00
00
7F
7E
00
16
7E
7F
00
7F
7D
00
14
7E
7F
00
7F
7E
00
0E
7E
7F
00
7F
7E
00
00
7E
01
00
01
7E
00
00
00
06
00
02
03
00
00
00
00
00
7F
7F
00
00
7F
00
00
00
00
00
00
00
00
00
00
00
00
00
00
00
00
00
00
00
00
00
00
00
00
05
00
00
7F
7F
00
7F
7E
00
00
01
7F
00
7F
7E
00
00
03
01
00
7F
7E
00
00
02
7F
00
7F
7E
00
00
7E
7F
00
7F
7D
00
00
7E
7F
00
7F
7E
00
00
7E
04
00
7F
7E
00
00
00
02
00
7F
01
00
00
02
7F
00
7F
01
00
00
7E
00
00
7F
7F
00
00
7F
00
00
00
00
00
00
00
00
00
00
00
00
00
00
00
00
00
00
00
00
00
00
00
00
7F
00
00
7F
7F
00
7F
01
00
00
01
7F
00
7F
02
00
00
03
7F
00
7F
00
00
00
03
7F
00
7F
01
00
00
03
7F
00
7F
01
00
00
03
7F
00
7F
02
00
00
03
7F
00
7F
03
00
00
03
7F
00
7F
02
00
00
02
7F
00
7F
7E
00
00
03
00
00
7F
7F
00
00
7F
00
00
00
00
00
00
00
00
00
00
00
00
00
00
00
00
00
00
00
00
00
00
00
00
7F
00
00
7F
7F
00
7F
7F
00
00
7E
7F
00
7F
7E
00
00
7F
7F
00
7F
03
00
00
03
7F
00
7F
00
00
00
03
7F
00
7F
7D
00
00
02
7F
00
7F
7E
00
00
00
7F
00
7F
7E
00
00
01
7F
00
7F
7F
00
00
02
7F
00
7F
03
00
00
7E
00
00
7F
7F
00
00
7F
00
00
00
00
00
00
00
00
00
00
00
00
00
00
00
00
00
00
00
00
00
00
00
00
7F
00
00
7F
7F
00
07
7E
00
00
02
7F
00
03
02
00
00
02
03
00
7F
7E
00
00
7E
00
00
7F
7E
00
00
7E
7F
00
7F
7D
08
00
7E
7F
00
04
7E
0F
00
7E
7F
00
02
7E
11
00
01
7F
00
7F
7E
17
00
02
05
00
7F
03
00
00
7E
09
00
7F
7F
00
00
7F
00
00
00
00
00
00
00
00
00
00
00
00
00
00
00
00
00
00
00
00
00
00
00
00
7F
00
00
03
7F
00
7F
7E
00
00
03
7F
00
7F
7E
00
00
03
7F
00
7F
7E
00
00
02
7F
00
7F
7E
00
00
02
7F
00
7F
7D
00
00
7F
7F
00
7F
7E
00
00
7E
7F
00
7F
7E
00
00
7E
7F
00
7F
02
00
00
7E
7F
00
7F
03
00
00
7E
00
00
7F
01
00
00
7F
00
00
00
00
00
00
00
00
00
00
00
00
00
00
00
00
00
00
00
00
00
00
00
00
7F
28
00
7F
00
00
7F
7E
01
00
7E
04
00
7F
7E
00
00
7E
7F
00
7F
02
00
00
7E
7F
00
7F
01
00
00
7F
7F
00
7F
7D
00
00
03
7F
00
7F
7E
00
00
00
7F
00
00
7E
00
00
7E
7F
00
04
7E
00
00
7E
7F
00
04
7E
00
00
7E
00
00
7F
7F
00
00
7F
00
00
00
00
00
00
00
00
00
00
00
00
00
00
00
00
00
00
00
00
0C
00
00
00
7F
00
00
04
7F
00
7F
7E
00
00
03
7F
00
7F
7E
00
00
03
7F
00
7F
7E
00
00
03
7F
00
02
00
00
00
7E
7F
00
7F
02
00
00
7E
7F
00
7F
02
00
00
00
7F
00
7F
03
00
00
03
04
00
7F
02
00
00
00
01
00
7F
7E
00
00
7E
00
00
7F
7F
00
00
7F
00
00
00
00
00
00
00
00
00
00
00
00
00
00
00
00
00
00
00
00
00
00
00
00
7F
00
00
7F
00
00
7F
7F
00
00
7E
02
00
7F
02
00
00
7E
7F
00
7F
03
00
00
7F
7F
00
7F
03
00
00
03
7F
00
7F
02
00
00
01
7F
00
7F
00
00
00
7E
7F
00
00
7E
00
00
7F
7F
00
7F
7E
00
00
7E
7F
00
7F
7E
00
00
7F
00
00
7F
7F
00
00
7F
00
00
00
00
00
00
00
00
00
00
00
00
00
00
00
00
00
00
00
00
00
00
00
00
00
00
00
00
00
00
00
00
00
00
00
00
00
00
00
00
00
00
00
00
00
00
00
00
00
00
00
00
00
00
00
00
00
00
00
00
00
00
00
00
00
00
00
00
00
00
00
00
00
00
00
00
00
00
00
00
00
00
00
00
00
00
00
00
00
00
00
00
00
00
00
00
00
00
00
00
00
00
00
00
00
00

