00
00
00
00
00
00
00
00
00
00
00
00
00
00
00
00
3F
00
00
04
3F
00
3F
3F
00
00
3E
00
00
04
3E
00
00
3E
03
00
00
3E
00
00
3E
00
00
3F
3E
00
00
3E
3F
00
3F
3D
00
00
3E
3F
00
00
3E
00
00
3E
3F
00
04
3E
00
00
3E
3F
00
02
3E
00
00
3E
00
00
3F
3E
00
00
02
06
00
3F
06
00
00
3F
00
00
00
00
00
00
00
00
00
00
00
00
00
00
00
00
00
00
00
00
00
00
00
00
3F
00
00
3F
04
00
3F
3E
00
00
3E
00
00
3F
02
00
00
01
3F
00
3F
02
00
00
00
3F
00
03
3E
00
00
3E
3F
00
3F
3D
00
00
3E
04
00
3F
3E
00
06
3E
01
00
3F
3E
00
0C
3E
3F
00
3F
02
00
0B
3E
3F
00
3F
3E
00
00
02
00
00
06
3F
00
00
3F
00
00
00
00
00
00
00
00
00
00
00
00
00
00
00
00
00
00
00
00
00
00
00
00
3F
00
00
3F
3F
00
3F
3E
00
00
03
3F
00
05
02
00
00
3E
3F
00
03
03
00
02
3E
04
00
3F
3E
00
16
3E
00
00
3F
3D
00
14
3E
3F
00
3F
3F
00
0D
3E
3F
00
3F
3E
00
00
3E
04
00
02
3F
00
00
02
03
00
3F
01
00
00
3E
00
00
3F
3F
00
00
3F
00
00
00
00
00
00
00
00
00
00
00
00
00
00
00
00
00
00
00
00
00
00
00
00
3F
1F
00
3F
06
00
3F
3E
06
00
3E
04
00
3F
02
00
00
3E
00
00
3F
00
00
00
03
00
00
3F
3E
00
00
03
3F
00
3F
3E
00
00
3E
3F
00
04
02
00
00
3E
3F
00
03
02
00
00
3E
3F
00
3F
3E
00
00
02
3F
00
04
3E
00
00
3E
00
00
3F
3F
00
00
3F
00
00
00
00
00
00
00
00
00
00
00
00
00
00
00
00
00
00
00
00
00
00
00
00
3F
00
00
3F
06
00
3F
02
00
00
3E
00
00
3F
02
00
00
02
03
00
3F
3E
00
00
03
00
00
01
3E
00
00
3E
00
00
03
3D
00
00
3E
04
00
3F
3E
00
01
3E
04
00
3F
03
00
08
03
3F
00
04
01
00
03
01
3F
00
00
3E
00
00
3E
00
00
3F
3F
00
00
3F
00
00
00
00
00
00
00
00
00
00
00
00
00
00
00
00
00
00
00
00
00
00
00
00
3F
00
00
04
3F
00
06
02
00
00
02
03
00
04
3E
00
00
3E
3F
00
01
3E
0F
00
3E
3F
00
01
3E
11
00
3E
3F
00
00
3D
0F
00
3E
3F
00
01
3E
0F
00
3E
3F
00
03
3E
08
00
3E
3F
00
04
3E
00
00
3E
06
00
3F
02
00
00
03
00
00
3F
03
00
00
3F
00
00
00
00
00
00
00
00
00
00
00
00
00
00
00
00
00
00
00
00
00
00
00
00
3F
00
00
3F
3F
00
3F
02
00
00
03
04
00
3F
3E
00
00
3F
03
00
04
3E
00
00
3E
04
00
03
3E
00
00
3E
3F
00
3F
3D
00
01
3E
3F
00
3F
3E
00
03
3E
3F
00
3F
3E
00
07
3E
3F
00
3F
3E
00
01
3E
00
00
3F
3E
00
00
3E
0B
00
07
3F
00
00
3F
00
00
00
00
00
00
00
00
00
00
00
00
00
00
00
00
00
00
00
00
00
00
00
00
3F
00
00
03
3F
00
3F
3E
00
00
02
3F
00
04
3E
00
00
3E
3F
00
02
3E
00
00
3F
3F
00
3F
3E
00
00
3E
3F
00
3F
3D
00
00
3E
3F
00
3F
3F
00
00
00
04
00
01
03
11
00
03
3F
00
03
3E
00
00
3E
3F
00
3F
3E
00
00
3E
00
00
3F
3F
00
00
3F
00
00
00
00
00
00
00
00
00
00
00
00
00
00
00
00
00
00
00
00
00
00
00
00
3F
00
00
3F
00
00
3F
3E
00
00
3E
3F
00
3F
3E
00
00
01
3F
00
3F
3E
00
00
01
3F
00
3F
3E
00
00
01
3F
00
3F
3D
00
00
03
3F
00
3F
3E
00
00
03
3F
00
3F
3E
00
00
03
3F
00
3F
3E
00
00
00
3F
00
3F
3E
00
00
3E
01
00
3F
3F
00
00
3F
00
00
00
00
00
00
00
00
00
00
00
00
00
00
00
00
00
00
00
00
0D
00
00
00
3F
00
00
04
3F
00
3F
3E
00
00
03
3F
00
3F
3E
00
00
03
3F
00
3F
3E
00
00
03
3F
00
3F
00
00
00
3E
3F
00
3F
02
00
00
3E
3F
00
3F
02
00
00
3E
3F
00
3F
03
00
00
3E
02
00
3F
02
00
00
02
06
00
3F
3E
00
00
3E
00
00
3F
3F
00
00
3F
00
00
00
00
00
00
00
00
00
00
00
00
00
00
00
00
00
00
00
00
00
00
00
00
3F
00
00
02
3F
00
3F
3E
00
00
03
3F
00
05
00
00
00
3E
3F
00
02
00
00
00
3E
3F
00
3F
00
00
00
3E
3F
00
3F
01
00
00
3E
3F
00
3F
02
0E
00
3E
04
00
3F
03
11
00
02
3F
00
00
02
00
00
02
3F
00
04
3F
00
00
3E
00
00
3F
3F
00
00
3F
00
00
00
00
00
00
00
00

