-0.191254
-0.0697632
-0.225266
-0.262146
-0.268234
-0.879028
-0.243195
-0.807129
-0.161224
-0.263336
-0.298447
-1.03685
-0.890228
-0.184189
-0.28064
-1.04524
-0.0683136
-0.436234
-1.67097
-0.399765
-1.57367
-0.151031
-1.23274
-0.397598
-0.104385
-0.337082
0.00849915
-0.85701
-0.29892
-0.557129
-2.23476
-0.512878
-0.261002
-1.60696
-0.681549
-0.31781
-0.116699
-0.196213
-0.973618
-0.0788574
-0.43251
-0.273376
-0.901443
-0.75679
-0.488022
-0.00828552
-0.739075
-0.0823364
-0.0977173
-0.656631
-0.0525055
-0.261673
-0.132935
-0.179977
-0.197067
-1.16895
-1.0502
-0.11348
-1.12862
-0.125504
-0.0668793
-0.919846
-0.876404
-0.429306
-0.327148
-0.333389
-0.326172
-0.205048
-1.02757
-0.183136
-1.31372
-0.0176544
-0.416473
-0.990723
-0.396469
-0.748428
-1.4351
-1.03186
-1.62648
-1.10068
-1.55553
-0.0397491
-0.546234
-1.30135
-0.493774
-0.14299
-1.20442
-0.794464
-0.259644
-0.339905
-0.125397
-1.2513
-0.229843
-0.0810547
-0.255539
-0.27327
-0.858246
-0.203217
-0.241486
-0.156738
-0.261673
-0.18811
-0.0173492
-0.0648956
-0.365173
-1.20689
-0.166336
-0.56929
-1.50642
-0.104294
-0.469986
-0.167694
-0.104691
-1.57341
-0.175644
-0.399765
-1.17751
-0.17363
-0.886948
-0.581696
-1.59904
-0.0617981
-0.444824
-0.809235
-0.650787
-0.273285
-0.635986
-0.795517
-0.249527
-1.50194
-0.180328
-2.2924
2.62263
-0.32843
-0.026886
-0.537857
-0.347153
-0.294205
-0.226318
-0.327652
-0.625305
-1.39992
-0.374741
-0.0269012
-0.377899
-0.41893
-0.141113
0.0947113
-0.223358
-0.914963
-0.29744
-1.99165
-0.284515
-0.0923309
-1.7719
-0.958481
-0.0896606
-1.01495
-1.19443
-0.928253
-0.465805
-0.539658
-0.885498
-0.248978
-0.320221
-0.266113
-0.0544891
-0.911835
-1.13855
-1.37282
-0.0355682
-0.199036
-0.344238
-0.914963
-0.130859
-0.0527191
-0.636169
0.142197
-0.0103455
-0.569122
-0.248627
-1.20328
-0.143982
-0.162323
-0.136749
-0.261673
-1.42656
-0.261673
-0.762482
-0.67366
-0.896835
-0.803299
-0.981155
-0.222061
-0.203033
-0.448151
-0.745361
-0.66185
-0.409851
-1.47882
-2.00189
-0.0453186
-0.537857
-0.288528
-0.244934
-0.896591
-1.12837
-0.612122
-1.47356
-0.0925293
-2.07373
-0.114182
-0.117401
-1.25157
-0.940125
-0.300903
-0.0719757
-0.254852
1.41231
-0.195953
-0.734711
-1.2011
-1.28267
-0.21608
-0.24292
-0.730835
-1.36438
-0.108765
-0.636765
-0.210358
-0.220291
-1.31435
-0.958298
-0.202896
-1.0267
-0.126785
-1.10127
-0.210266
-0.0134735
-0.851425
-0.131653
-0.531982
-0.214462
-0.680069
-0.150879
-0.792068
-0.653107
-1.0034
-0.835098
0.712051
-0.597977
-0.158829
-0.152664
-1.56036
-0.990707
-0.310379
-0.362808
-1.49712
-1.10408
-1.10612
-0.333893
0.0250702
-0.312027
-1.60666
-0.212173
-0.114014
-0.608536
-0.195755
-0.0690918
-1.27187
-0.276306
-0.261673
-0.090744
-0.203918
-0.123535
-0.184067
-1.57425
-0.233475
-0.970749
-0.0181274
0.000457764
-0.22049
-0.574661
-0.413895
-0.418457
0.0664825
-0.937469
-0.250015
-0.245102
-1.1548
-1.30132
-0.118805
-0.963226
-0.237
-0.963516
-0.304367
-0.22261
-0.127029
-0.171402
-0.439682
-1.37312
-0.0719604
-0.127304
-0.117371
-0.600815
-0.30957
-0.403259
-0.118851
-0.109741
-0.373764
-0.180237
-1.68793
-0.356705
-0.750198
-0.681686
-1.42326
-0.102097
-0.204086
-0.347473
-0.208374
-0.0890961
-0.205002
-0.418884
-1.15662
-0.168625
-0.203217
-0.279678
-0.424072
-0.815414
-0.79718
-0.403351
-0.249115
-1.13936
-0.479553
-1.68478
-0.148361
-1.86349
-0.551773
-0.261673
-0.807861
-0.591797
-0.65802
-0.402664
-1.46184
-0.476776
-0.191147
-0.1642
-1.31802
-0.272156
-0.189987
-0.0114136
-0.299759
-0.838577
-1.56764
-0.1353
-0.277496
-1.6244
-1.96432
-0.803391
-0.0464783
-0.114578
-1.37131
-0.309708
-1.66798
-1.6619
-1.44508
-0.212921
-0.399765
-0.199585
-1.63278
-0.11348
-0.261673
-0.159821
-0.441711
-0.261673
-0.354156
-0.962631
-0.143265
-0.0557098
-0.135681
-0.342285
-0.252579
-1.70267
-1.20174
-1.18709
-0.771652
-0.888351
-0.266708
-1.245
-0.66684
-1.38208
-1.02914
-0.185074
-0.859772
-0.489029
-0.214325
-0.127945
-1.06094
-1.07845
-0.0363617
-1.1389
-0.154266
-0.00050354
-2.01053
-0.815598
-1.47211
-0.109879
-0.261673
-0.240158
-0.635239
-0.172089
-0.0230865
-0.856033
-0.261673
-1.33009
-0.248627
-0.643829
-0.838333
-0.263641
-1.75262
-0.701172
-0.605804
-0.461334
-0.399765
-0.967422
-0.957413
-0.255081
-0.931351
-0.109222
-0.710983
-0.747787
-0.463745
-0.287415
-0.260605
-1.06866
-0.223648
-1.10056
-1.2326
-1.16129
-1.44601
-1.06001
-0.38176
-1.39229
-0.261673
-0.839157
-0.130798
-0.261063
-0.0640259
-0.439163
-0.707916
-0.395981
-0.494583
-0.285065
-1.88594
-0.255325
-0.0117645
-0.106903
-0.499435
-0.195694
-0.158875
-0.625153
-0.543396
-0.782715
-0.233429
-0.12912
-0.537857
-1.83508
-0.576736
-1.7816
-0.272629
-0.261673
-0.144775
-1.13084
-0.279221
-0.0748596
-0.174988
-0.950607
-1.20222
-0.170044
-0.0618744
-1.28662
-0.403183
-1.42686
-0.24382
-1.37631
-1.4866
-0.622101
-0.770752
-0.482361
-0.16127
-0.408295
-0.376358
-0.108994
-0.183197
-0.164597
-0.308273
-0.11319
-1.01099
-0.260742
-0.913742
-0.104218
-0.621475
-0.810089
-1.13428
-0.95607
-1.58318
-0.132599
-1.1913
-0.755798
-0.752609
-1.25311
-0.23114
-0.504333
-0.292694
-0.15799
-0.199295
-0.156662
-1.21115
-1.26968
-0.399765
-0.515091
-0.338623
-0.0618896
-0.555664
-0.750351
-1.36737
-0.0825958
-0.178238
-1.43364
-0.640991
-1.01608
-0.675156
-1.23929
-0.456223
-0.14917
-0.110657
-0.951935
-1.28706
-0.210251
-0.736633
-1.16942
-0.0606995
-1.63071
-0.0526886
-0.38121
-0.220795
-0.537766
-0.839447
-1.0889
-1.48047
-1.42036
-0.106689
-0.365631
-0.123978
-0.321915
-0.225342
-1.20578
-0.325577
-1.08209
-0.328735
-0.202606
-0.185318
-0.272934
-1.84956
-0.103012
-1.80624
-0.139725
-0.270142
-0.239838
-0.561966
0.153824
-0.373596
-2.02055
0.0320282
-0.11824
-0.0710907
-0.0729828
-1.03041
-0.0922394
-1.06477
-0.592758
-0.218643
-0.708176
-0.115311
-0.974411
-0.484329
-2.13298
-0.625275
-0.524384
-1.42958
-1.51778
-1.4776
-0.172867
-0.264053
-1.01152
-0.629623
-0.399765
-0.301788
-1.31659
-0.643723
-1.30339
-1.66222
-0.0735779
-0.226257
-0.158447
-0.752808
-1.23138
-0.117218
-1.04784
-0.658234
-1.32719
-0.485733
-0.501404
-1.07109
-0.162872
-1.623
-0.0764008
-0.166473
-0.127792
-0.516281
-0.983231
-0.17543
-2.17682
-0.324432
-0.101807
-0.0766144
-0.313354
-0.225098
-0.174652
-1.54523
-1.11113
-0.422302
-0.317749
-0.191345
-1.17078
-1.61923
-0.833481
-1.89755
-0.294342
-1.55789
-1.25233
-0.0648499
-0.234634
-0.386276
-0.619675
-1.58205
-0.329483
-0.668945
-1.29593
-0.285431
-0.383713
-0.245728
-0.368362
-0.0329437
-0.0554352
-0.211746
-0.371918
-0.249664
-0.256149
-1.03296
-0.0656586
-0.305695
-1.04274
-1.4353
-1.58728
-0.908173
-0.575287
-0.186417
-0.183151
-0.266983
-0.544968
-0.786148
-0.028244
-0.452759
-0.256104
-0.744125
-0.0195312
-0.308319
-0.738449
-0.399765
-1.26477
-0.347214
-0.609131
-0.644852
-1.08972
-0.995743
-1.25691
-0.127228
-0.348846
-0.261673
-0.200867
-0.0499725
-0.577911
-1.67615
-0.474091
-0.530273
-0.108231
-0.98851
-0.57515
-1.63316
-0.997986
-0.364471
-1.45018
0.00944519
-0.714508
-0.00601196
-0.417374
-1.9339
-0.344467
-1.68781
-0.412216
-1.04143
-0.420319
-0.604721
-0.150024
-1.22464
-0.701309
-1.44531
-1.15495
-1.66751
-0.104202
-0.414398
-1.55881
-0.539047
-1.45369
-0.0617065
-0.171219
-0.730972
-0.136444
-0.75238
-0.946609
-0.227875
-0.900009
-1.18788
-0.174088
-1.16972
-0.711273
-0.263794
-0.0948029
-0.574951
-1.60757
-0.092453
-1.74887
-0.131882
-1.62428
-0.0963135
-1.01131
-0.70517
-0.263901
-0.120895
-0.261673
-0.857483
-0.223068
-1.16501
-0.934464
-0.950363
-0.845001
-0.787704
-0.276138
-1.0497
-0.261673
-0.927948
-0.389801
-0.222504
-0.360092
-1.18095
-0.753799
-0.946732
-0.688766
-0.40657
-0.42305
-1.18637
-0.595734
-0.989944
-0.72467
-0.0648499
-0.129608
-0.471069
-1.08983
-0.425018
-0.875214
-1.34396
-1.50627
-0.068573
-0.828522
-0.257446
-0.222015
-1.35762
-0.74942
-0.152695
-0.22377
-0.0950623
-0.254532
-1.05569
-1.95435
-1.35707
-0.227142
-0.897934
-0.294647
-0.863922
-0.962555
-0.76265
-0.0456085
-1.64639
-0.078537
-0.108978
-0.288925
-1.16055
-0.114868
-0.286743
-0.0889893
-0.554932
-1.45006
-0.443237
-0.169769
-0.305862
-0.572952
-0.0450745
-0.412796
-0.432632
-0.281876
-0.251373
-0.948914
-0.942017
-1.49542
-0.272644
-0.326752
-0.260498
-1.50214
-1.34485
-0.219452
-1.08884
-1.82607
-0.13562
-0.422836
-0.139984
-1.85323
-1.41716
-1.17313
-0.162735
-0.744049
-0.416534
-1.16408
-0.740402
-0.222626
-0.563232
-0.620758
-1.25131
-0.13298
-0.856827
-1.80444
-0.864594
-0.165833
-1.36794
-0.550171
-0.172516
-0.15271
-0.525269
-0.85965
-1.01492
-0.160156
-0.0843201
-0.174713
-1.44995
-0.421066
-1.02721
-0.358658
-1.80092
-0.157776
-0.333237
-1.70825
-0.132797
-0.254547
-1.91711
-0.537857
-0.681046
-0.243896
-0.0372009
-1.14537
-0.189407
-0.1203
-1.66545
-0.131088
-0.212631
-0.183578
-0.10878
-0.916092
-1.22009
-1.39734
-1.1187
-0.0581055
-0.204193
-0.268814
-1.93916
-0.408859
-0.407578
-0.449173
-0.675949
-0.261673
-1.29317
-1.48071
-0.120407
-0.381348
-0.0886536
-0.439392
-1.68138
-0.401016
-1.64622
-0.109192
-0.669861
-0.151581
-0.183014
-1.9687
-1.86165
-0.121429
-0.0391235
-0.103882
-0.053894
0.0767517
-0.438202
-0.241837
-0.143158
-0.159668
-0.123367
-0.893784
-0.264328
-0.183838
-2.11874
-0.509171
-0.261673
-0.465698
-1.78523
-0.422272
-0.842484
-0.398895
-0.850967
-0.829987
-0.139633
-0.556015
-2.18007
-0.0751495
-0.688095
-0.787704
-0.0928345
-1.73547
-0.113419
-0.15184
-1.17967
-0.399765
-1.87601
-0.321808
-0.371689
-1.82086
-0.164825
-0.143616
-0.172409
-0.156082
-0.743668
-0.986938
-0.948471
-0.871292
-0.48114
-0.168961
-0.980133
-0.167725
-0.830688
-1.14906
-1.08423
-0.46489
-0.649185
-1.1552
-0.46347
-0.61087
-0.675949
-0.159698
-0.676468
-0.305298
-0.361969
-1.84805
-0.153519
-0.803375
-1.10927
-0.341263
-1.58803
-0.511963
-0.23204
-0.115891
-0.478195
-0.472214
-0.107208
-0.138489
-0.346451
-0.503616
-0.124222
1.29037
-0.161377
-0.415802
-0.213089
-0.165741
-0.401917
-0.822617
-0.565155
-1.05341
-1.78395
-0.512421
-1.58144
-0.399765
-0.506393
-0.461487
-0.215164
-1.51328
-0.890839
-1.9556
-0.549698
-0.877747
-1.49571
-0.7565
-1.67372
-0.316986
-0.0566101
-0.561249
-0.440628
-0.957657
-1.56853
-0.0614777
-1.32697
-1.48083
-0.321579
-0.296631
-0.554291
-0.235428
-1.90221
-0.0792999
-0.776382
-0.583252
-0.0261078
-0.423813
-0.178558
-0.549667
-0.847809
-0.435654
-0.148895
-0.0956879
-0.265762
-0.168304
-0.0990601
-0.0467987
-1.09288
-0.801941
-0.182907
-0.246216
-0.1884
-0.297745
-0.432114
-0.165512
-0.20929
-0.385651
-0.745605
-1.00407
-0.00141907
-0.139145
-1.84317
-1.7986
-0.056366
-1.19579
-0.260132
0.0688934
-0.279907
0.0731201
-0.12738
-0.0971832
-0.599396
-0.261673
-0.293243
-0.345734
-0.132462
-0.0170441
-0.185883
-0.268097
-0.129349
-0.369034
-1.36784
-0.368774
-0.25824
-0.565582
-1.15567
-0.147797
-0.0357819
-1.15149
-0.278992
-0.357788
-0.309418
-0.316696
-0.685104
-0.399261
-0.0746155
-0.14032
-0.831879
-0.183502
-1.01715
-0.619507
-0.307419
-1.11034
-0.253021
-0.0619354
-0.337967
-1.21924
-0.184814
-1.11058
-1.06802
-1.35982
-0.179932
-0.0453033
-0.814346
-1.07256
-0.0375977
-1.82671
-0.0992889
-0.123352
-0.584091
-1.16496
-1.66675
-0.726227
-0.60318
-1.4986
-1.47647
-0.467224
-0.858963
-0.858002
-1.44626
-0.563477
-1.19568
-0.291687
-0.491898
-0.244705
-1.39343
-1.30634
-0.248688
-1.94633
-0.0536499
-0.116135
-1.20244
-0.156876
-0.367661
-0.232864
-0.625168
-0.205124
-0.113235
-0.937225
-1.41516
-0.496384
-1.49065
-0.0606689
-0.435913
-0.933533
-1.19762
-0.265137
0.00299072
-1.01407
-1.4747
-0.170425
0.0464478
-0.226685
-0.490982
-0.220993
-0.150528
-0.264252
-0.651138
-1.1481
-0.0851135
-0.543442
-1.25288
-0.194916
-0.151382
-1.49352
-1.56537
-0.940292
-1.43648
-1.38428
-0.896667
-0.182037
-0.108734
-0.708481
-1.12233
-0.0139008
0.0549316
-1.49435
-1.53667
2.00992
2.15474
1.52574
2.54379
2.25154
2.23567
2.33795
2.64861
1.9245
2.08052
2.50366
1.39058
2.5273
2.1013
2.2291
2.19254
2.21347
2.25441
2.08537
2.41866
2.26447
1.51941
2.09991
1.97397
2.66556
2.37604
2.60915
1.52937
2.23785
2.12894
1.32668
2.35237
1.76077
1.38496
2.58583
2.51744
2.54225
2.62596
2.53294
2.54167
2.17786
2.22832
2.38353
2.02156
2.1722
1.85767
1.93924
2.53839
2.2114
2.58147
2.23573
2.79659
1.85565
1.75635
2.08611
2.34492
1.54536
2.07072
2.19122
2.23701
2.38611
2.35457
2.46832
1.37888
2.0493
2.2222
2.43401
2.16223
1.54367
1.88846
2.13599
2.26434
0.978409
2.31265
2.29408
2.1454
2.30627
1.8979
2.06252
2.29274
2.33255
2.36897
2.38969
1.82957
1.8582
2.03839
1.92648
2.10548
2.11362
2.18718
2.49068
2.15854
1.86084
2.00917
2.13083
2.22572
2.20674
1.88293
2.12122
1.99901
2.05081
2.04614
1.74841
1.28056
1.99411
2.09294
1.94252
1.31372
2.30173
1.96593
2.02054
1.61745
1.67445
2.33493
2.69218
1.96822
2.41508
2.41344
2.51595
1.75951
1.9642
1.57091
2.57227
2.52312
2.14577
1.7206
1.85718
2.54091
2.27173
1.89743
1.8432
2.26863
2.32249
2.63872
1.99622
1.72762
1.81815
1.80968
1.53842
1.76266
2.05176
2.61575
2.21829
1.93182
2.30664
2.40211
1.78152
2.51175
2.11414
2.60637
2.14696
1.47
1.99583
2.17433
2.29974
2.67363
2.38347
2.12267
1.5977
2.5432
1.87257
2.63139
1.44904
2.01636
2.05183
1.56502
1.13625
2.25159
2.02846
1.79321
2.06247
2.61935
1.93733
1.99472
2.30942
2.2576
2.05545
2.47102
1.9465
1.70956
2.27533
2.45697
1.93974
2.3779
2.06972
2.18968
2.73898
1.56549
2.51297
2.44565
2.28401
1.70695
2.79732
2.10773
2.38075
1.44089
2.00108
2.39932
2.18332
2.38678
2.26865
2.73459
1.96089
2.10437
2.52592
2.38869
2.52472
2.12558
2.08125
1.98711
1.80281
1.80246
1.93471
1.9173
2.12671
0.792099
1.91411
2.33099
2.14519
2.45911
1.82968
2.23795
2.27089
1.81146
1.1575
1.88245
1.82233
1.87764
2.01776
1.82661
2.61902
2.19016
2.24879
2.73776
2.34909
1.97954
1.91016
2.55162
2.31126
1.85358
2.20319
2.13574
2.35487
2.09654
1.89897
2.51495
2.44131
1.75645
1.6888
2.32974
1.3878
2.39113
1.91539
2.52336
2.21362
2.59462
2.59891
2.2285
2.76558
2.41963
2.43658
2.43452
1.64392
1.99817
2.03357
1.9819
2.33061
2.13365
2.47057
1.964
2.16832
2.20787
1.70917
1.74997
1.95747
1.78127
2.15987
1.83475
2.07816
2.39592
1.97476
2.09232
2.62003
1.91327
2.15456
2.4351
1.4565
2.58099
0.303192
1.20264
1.73529
2.74942
2.50301
2.11403
2.05418
1.11496
2.50577
2.45499
1.99121
1.99646
2.10107
2.51363
2.27618
2.49939
2.64169
2.26729
2.00383
1.92447
2.22858
1.85947
2.07222
-1.78687
2.15924
2.50996
1.81616
1.66226
2.00104
2.30048
2.40051
1.70914
0.7659
2.50407
1.75017
1.65334
2.47151
2.52274
2.47171
1.61313
2.00882
2.49562
2.4185
1.97597
2.51402
1.92166
1.64264
2.33968
1.99478
2.52208
2.19312
2.30922
1.89021
1.89571
2.33612
2.62943
2.04965
2.67912
2.18478
2.36369
2.72662
1.98372
1.91576
2.38217
2.25964
2.46835
2.55403
2.08693
1.26346
1.87123
1.95398
2.43814
1.84573
2.43665
2.13158
2.02403
2.24823
2.02127
2.14221
0.687759
1.76369
1.84398
1.79103
2.69186
1.98775
1.53552
1.58925
2.14339
2.10985
2.46939
2.11115
2.38789
0.945587
1.85301
2.63193
2.68271
2.33244
2.35629
2.064
2.24957
1.89577
2.52814
2.05782
2.14481
2.43834
2.00093
2.01945
2.21349
2.01814
2.81131
1.80956
1.86339
2.17294
2.31964
2.14571
2.53044
2.43689
2.15048
2.25676
1.26137
2.00389
2.54253
0.697052
2.43425
2.19609
-1.51015
2.09409
2.77147
2.87967
1.88115
2.23593
2.25197
0.699417
2.0374
2.48462
2.08932
2.1516
2.52951
2.39043
2.44356
2.60971
1.03525
2.10619
2.18689
2.28133
1.91754
2.37544
1.91539
1.77185
2.3121
2.42818
2.33867
2.16145
2.24547
2.09824
2.25552
2.31972
1.67393
1.97643
1.62489
2.50966
2.32626
1.79744
1.9637
2.00003
1.16325
1.62253
1.97458
2.19844
2.06763
1.60968
1.78714
2.41431
2.01831
2.10579
1.85953
2.58714
2.15219
2.2112
1.98508
2.57317
1.10602
1.2675
2.50287
1.90376
1.92212
2.02827
2.11243
1.67523
2.37953
2.54623
2.33763
2.61313
1.93622
2.01787
2.57007
2.58865
1.60332
2.46362
2.2576
1.36349
2.35269
2.50264
2.25629
2.20955
2.07573
2.2291
2.12317
1.99297
2.85283
2.19701
2.24419
2.04199
1.75266
2.47928
1.127
2.56915
2.47484
2.49065
2.55084
2.30901
2.18973
2.02658
1.9823
2.35419
1.16637
2.37759
2.20493
2.41977
2.22395
2.3065
1.75349
2.1535
1.10767
1.97717
2.06999
2.43881
2.00439
2.6377
2.69652
2.29172
2.08861
1.8652
2.00417
1.8925
2.10002
2.40994
2.17957
2.4239
1.82153
2.59914
2.37158
2.60635
0.314423
2.0603
2.45096
2.10066
1.60406
2.47087
2.32492
1.79335
2.34715
1.9518
1.44673
2.71062
1.96713
1.24207
1.85733
2.32764
2.4547
1.94078
2.31871
2.45865
2.38113
2.04565
2.55229
2.35693
1.86864
2.14229
1.69151
1.81906
2.41934
2.29408
2.55794
2.05965
2.30533
1.39551
2.05365
2.21127
1.97726
2.46901
1.7744
2.24843
2.28989
2.23102
2.11705
1.62054
2.09706
2.76085
1.93332
1.84996
2.49643
2.76967
2.40416
1.76711
2.10971
1.70558
2.11983
2.49875
2.02541
2.00069
1.97397
2.01756
2.24223
2.17625
2.4498
2.05968
2.39996
1.87857
1.78329
2.04301
2.20479
2.56746
2.26366
2.45837
1.60251
2.10434
1.40045
2.65767
1.72029
1.853
1.9095
2.70656
2.00702
2.24756
2.6609
2.51582
2.33884
2.21548
2.41606
1.49431
2.46655
1.92924
2.03253
1.91438
1.66563
1.33278
2.29094
2.04422
1.99857
2.22173
2.51842
2.21579
2.03951
2.21764
1.76167
1.57919
2.24904
0.495453
2.03262
1.91185
1.98033
1.933
2.39992
2.10916
2.25354
1.18903
2.20912
2.39221
2.57611
2.06071
2.09889
1.92339
2.34245
2.00238
2.45366
2.48141
2.31172
2.41547
1.99655
1.86537
1.68297
2.15276
2.4938
1.85344
1.51961
2.11957
1.97084
2.72882
2.42615
1.67805
1.89432
2.14108
1.96724
2.44675
2.19528
2.1665
2.16492
2.12985
2.34712
2.25877
1.63477
1.97946
2.07188
2.04062
2.42572
2.42461
2.24113
2.45886
3.04747
2.35867
2.46834
1.25392
2.46097
2.49635
2.56548
1.55797
2.25029
2.04288
2.3609
2.69707
1.94342
2.20418
2.29378
2.46819
2.10216
2.72092
1.55777
2.19839
1.98341
2.28302
2.06761
2.71396
1.81749
2.1891
2.11266
1.86682
1.67009
1.88936
2.3867
2.58258
2.30231
1.99281
2.44521
2.245
2.29747
1.8719
2.10446
2.12585
2.39252
2.3606
2.13878
1.85474
2.31113
0.984543
1.8399
2.37262
2.53139
2.09944
2.34406
2.2388
1.99269
1.92314
1.48442
1.75558
1.92145
2.16713
2.50731
2.01555
2.06097
1.60225
2.3614
1.79419
2.31755
1.68037
2.17662
2.30173
2.54074
2.11472
2.19385
2.01808
2.07297
1.84872
1.72168
2.47116
0.694427
1.2885
1.62323
1.75677
2.2795
2.25389
2.5775
2.40346
1.04073
1.68161
1.93076
1.85524
2.44652
2.37585
2.46835
1.02945
1.97687
2.29602
2.26115
0.903885
2.24232
2.4236
2.01138
1.86224
2.22478
2.55101
2.04567
2.29463
1.82544
2.54108
2.16365
1.74092
2.0399
2.09851
2.37695
0.73439
1.97981
2.08185
1.53943
2.48825
1.55505
1.63097
1.99248
1.58257
2.13431
1.81691
2.08897
2.23396
1.47572
2.14534
2.20992
2.20157
2.54729
2.49701
2.60437
1.88824
2.15486
2.30814
2.51913
2.72522
2.21211
2.33926
2.58617
1.77164
2.11101
1.98721
2.30528
2.1225
1.8941
2.26518
-1.16394
2.08446
1.5592
1.91429
1.95853
2.50269
2.00386
2.38676
1.53981
2.31764
2.40512
2.40567
1.45836
2.1393
2.43544
2.17046
2.23868
2.16187
2.6104
1.15813
2.23079
2.13399
2.13037
2.35301
0.958099
2.30898
1.94797
2.35849
1.98071
2.51665
1.66898
2.528
2.68233
2.07472
2.61717
2.54437
2.49788
2.00453
1.98122
1.22986
1.69379
2.38161
2.69791
2.09572
2.52658
2.21156
2.66127
2.25809
1.79509
2.38263
2.2438
2.29526
2.37663
2.13966
1.50562
1.66098
2.21178
1.90054
1.2061
2.40784
2.29517
1.77013
2.0453
2.55325
2.70831
2.12491
2.33662
2.42413
2.46753
2.48477
2.09747
2.1046
2.21547
2.01346
2.49632
2.66901
2.67407
2.39774
2.10533
1.99895
1.45143
1.2382
2.40681
2.3423
2.60204
1.92542
2.17384
1.79413
1.92508
2.16293
1.94417
2.45245
2.1301
2.10411
2.61653
2.34897
2.47157
2.03485
2.20015
2.31888
1.85915
2.11201
2.3454
2.08318
1.8029
2.72586
2.50537
2.33192
2.17763
1.91144
1.92502
0.645081
1.9429
2.41151
1.93141
2.59872
2.50066
1.16219
1.96655
2.39392
1.38084
2.27327
2.26381
1.69315
2.09088
2.37962
2.36679
1.9416
1.90439
2.57686
1.71083
2.23949
1.7471
2.10416
1.54871
1.83105
2.25543
2.09248
2.19733
2.4614
2.03751
2.02467
1.60402
2.11182
1.84685
2.40791
2.2612
2.57837
-1.41139
2.33916
1.12975
2.23608
1.47701
2.48714
1.82553
2.59749
2.511
2.25294
1.85321
1.63258
2.16159
2.32443
2.32697
2.24893
2.46568
2.16072
2.07187
2.10738
2.36082
2.09511
2.33012
2.12009
2.20355
1.81287
2.00214
2.34431
1.99924
2.53137
1.03751
2.09123
2.26183
1.87648
2.19313
2.08081
2.12798
1.20573
2.26714
2.23972
1.73857
0.188919
2.51422
2.14952
2.05797
2.62581
2.28215
1.99545
2.8091
2.27548
2.03629
0.980637
2.05414
2.25369
1.94847
2.49071
2.10037
2.12199
2.65678
1.92226
1.88031
2.31126
2.71753
2.09409
2.35764
1.92474
2.52699
0.80719
1.99739
2.32246
2.57256
2.23241
1.86047
1.53818
2.2404
2.31874
2.37668
2.39388
2.43443
2.15114
2.55318
1.27168
1.0497
2.72285
2.18259
2.32533
1.90173
1.92969
2.07063
1.80225
2.06345
2.1102
1.98946
2.06007
1.83266
1.89615
2.62514
1.50832
1.07526
2.29474
2.46178
2.08553
1.33022
0.349426
2.26965
2.20573
2.09303
1.78403
1.58937
1.91515
1.77533
2.10406
2.2421
2.18193
2.31909
2.12047
1.21097
2.44551
2.53061
2.46448
2.36946
2.24924
2.673
2.41797
2.22005
1.77168
2.02356
2.0061
1.99467
2.09587
1.94232
2.67496
2.20052
1.78995
1.23631
2.43987
0.0489655
2.54297
1.48105
2.10764
1.8252
2.0215
1.93025
1.98317
1.66083
1.68228
2.14825
1.70714
2.06165
2.39522
2.36034
1.96809
1.97237
2.05424
1.78943
2.42906
1.45494
2.17142
1.82578
1.91624
2.19594
0.944351
1.38222
2.66129
2.19855
2.25507
2.50368
2.45929
1.75612
2.08696
2.31618
2.44449
2.12953
2.44788
1.42747
1.44435
2.34265
1.7955
1.92885
1.78488
2.24443
1.83353
1.72221
1.84016
1.10817
1.72095
2.1451
2.45517
2.24652
2.46339
2.33737
2.06181
0.474213
1.72159
1.93054
2.0713
1.36172
2.08014
2.37297
2.31436
2.30476
2.06526
2.15303
2.08977
2.05359
1.8177
2.41768
2.29518
1.67522
2.37187
2.28543
2.32066
2.20758
2.15001
2.22043
2.14368
2.26169
1.84572
1.86726
1.59865
1.78912
1.80066
2.19067
2.13995
1.80539
1.60367
2.63316
2.43184
2.33253
2.08794
2.00032
2.05077
2.25195
2.28558
2.47359
1.89403
2.62524
1.93619
1.53052
2.65355
1.25867
1.78969
2.32115
2.2657
2.23914
1.97621
2.2905
1.79329
2.54265
2.57059
2.51425
1.82874
2.45265
2.25519
1.51724
1.81001
2.33978
2.38206
2.39906
2.1441
1.65837
2.48592
2.00618
1.73596
2.60725
2.65445
1.90712
1.88521
2.52879
2.12628
1.7179
2.23744
1.84401
2.53072
1.9554
1.83434
2.17
2.26747
0.681534
2.39764
2.5255
1.40884
1.81885
1.98499
1.79056
0.26857
2.41644
1.63913
2.13591
1.99657
2.17686
1.89316
2.32567
2.54457
2.28632
2.56792
1.77153
2.04832
2.19662
2.13269
2.18423
2.50728
2.13153
2.12221
2.44104
2.34888
1.9626
2.68275
1.91014
2.19807
2.22635
1.5988
2.38966
2.11668
1.87791
2.49773
1.79721
1.39252
0.138245
1.66074
2.1586
2.16664
1.92354
2.04796
2.42583
2.4157
2.55708
2.16154
2.08707
2.41127
1.69362
2.74287
2.36394
2.56314
1.84061
1.87306
1.85577
2.58131
2.34302
2.05589
2.1223
2.27998
2.23195
2.5067
2.53722
1.46471
2.29251
2.02332
2.08174
2.0611
1.27325
2.31435
1.75468
2.32381
1.9847
1.96323
1.60652
2.33238
1.79697
1.65051
2.03362
2.55272
2.13919
2.18448
2.2402
2.20351
2.34105
1.9659
2.26601
1.62737
0.677765
1.83185
2.22377
2.30624
2.04771
2.16583
2.13675
2.26102
2.11995
2.42462
2.49672
2.24396
2.27792
2.14493
1.92621
1.45915
1.59436
1.8812
1.85913
2.05089
2.41939
2.06447
1.88878
1.74324
0.436966
2.30037
2.24112
2.18362
2.68854
1.98082
2.12469
2.32507
2.48019
1.78336
1.52765
1.888
1.97095
1.90576
2.23224
1.78613
1.45901
1.54945
2.02719
2.18915
2.05887
2.22458
2.58006
2.35173
2.07433
2.49936
2.52649
2.22353
