-1.89978
-1.49287
-1.42877
-1.67545
-2.06262
-3.99352
-2.06329
-2.25824
-1.61198
-1.44443
-1.41281
-4.52496
-3.01704
-1.77611
-2.065
-2.90649
-1.72318
-3.38953
-4.05145
-3.17146
-4.71735
-2.82643
-4.09305
-2.81337
-2.42664
-2.73035
-0.931488
-2.59285
-1.89125
-3.22501
-5.76729
-1.42227
-0.891724
-5.38512
-2.13586
-1.27757
-1.60408
-1.28323
-3.14072
-1.02036
-1.69495
-1.52138
-3.05763
-2.16241
-2.11409
-1.46826
-4.21536
-1.30298
-1.69446
-2.87852
-1.72815
-1.78308
-2.64738
-1.38292
-2.03055
-4.92357
-4.22287
-1.95427
-2.53589
-2.91469
-0.771088
-2.73497
-4.37395
-2.54533
-1.50414
-2.80222
-2.25497
-1.41124
-4.62592
-1.95517
-4.56354
-1.02167
-3.6985
-2.54004
-1.56302
-3.6532
-3.71278
-4.14258
-4.98618
-2.70604
-3.86461
-1.62476
-2.69753
-4.61633
-3.53716
-1.31502
-4.12823
-3.99995
-2.60065
-1.98924
-1.8837
-4.74615
-1.91702
-1.25655
-2.26028
-2.16519
-2.1181
-1.30829
-1.75575
-1.52504
-1.91418
-1.5549
-1.30379
-0.959183
-2.57004
-4.53128
-1.72223
-4.101
-4.87016
-1.77943
-2.6631
-1.61035
-2.05058
-4.99283
-1.78621
-3.0705
-4.61435
-1.82103
-4.47693
-2.37901
-4.78819
-1.39214
-2.85547
-4.04668
-3.90508
-2.00362
-2.0939
-3.98926
-1.50833
-4.8147
-1.54004
-5.87396
-0.726746
-1.84604
-0.366928
-3.82005
-1.95412
-2.26608
-2.02576
-3.47183
-2.13994
-3.77353
-2.94574
-2.17641
-2.24716
-3.18039
-1.34256
1.03937
-1.42728
-4.76404
-1.15872
-5.38037
-1.80994
-0.914078
-4.98531
-4.61337
-1.59961
-4.5726
-2.71364
-4.21655
-2.51463
-3.92995
-2.43944
-2.28102
-1.98582
-2.09683
-1.95505
-4.09125
-2.89177
-4.36169
-1.10852
-1.60381
-2.9628
-3.08124
-1.57677
-1.03328
-4.01321
-1.14337
-1.12648
-3.2879
-2.05212
-4.41057
-1.80844
-3.48143
-2.8304
-2.02751
-4.84514
-2.22966
-4.41713
-2.55795
-2.25742
-3.21373
-3.08965
-2.73877
-2.91116
-2.47145
-4.40309
-2.93196
-1.94919
-5.03654
-5.51552
-0.77887
-3.91225
-1.80891
-1.70277
-4.2775
-4.66393
-2.51364
-3.69008
-1.75668
-5.677
-1.88463
-1.96645
-4.77585
-4.32614
-1.47127
-1.24269
-1.92566
2.5043
-2.73553
-2.23897
-3.34499
-4.87686
-1.76686
-2.16765
-4.44545
-4.76665
-1.89203
-1.82207
-2.84372
-1.61038
-4.9319
-4.51283
-1.79185
-3.22408
-1.34938
-2.34412
-2.87817
-0.595154
-2.37398
-1.41219
-1.72363
-2.09198
-2.22079
-1.19383
-2.66879
-3.89394
-4.08327
-4.12086
-0.0627441
-3.09196
-1.59837
-1.77075
-3.87109
-3.09435
-1.9433
-2.03984
-3.11125
-3.13596
-4.3893
-2.5459
-2.15384
-2.81908
-5.21953
-1.27003
-0.987305
-3.49319
-1.8661
-2.47784
-4.81343
-3.23589
-1.78668
-2.27567
-2.30612
-1.26831
-3.22551
-4.12135
-3.07683
-2.08397
-0.636795
-1.12047
-1.08443
-3.1004
-3.54442
-3.06818
-1.39844
-4.6658
-2.0295
-2.67445
-4.11763
-4.48555
-1.68657
-4.20268
-1.99503
-2.15369
-2.1729
-2.13289
-1.64816
-1.80637
-1.35379
-2.92262
-1.36618
-1.66379
-1.63115
-2.00758
-2.56239
-2.07774
-1.52469
-1.29893
-2.34087
-2.23972
-5.02132
-1.94368
-2.19655
-2.87387
-4.56197
-1.46902
-1.55782
-2.69696
-2.1857
-1.4521
-2.57448
-1.46654
-4.60449
-1.54054
-1.71696
-1.81645
-1.48384
-4.29927
-4.60439
-2.35735
-3.53937
-4.48251
-2.42337
-5.06349
-1.59358
-5.41351
-2.69768
-2.05771
-2.59424
-1.86702
-4.18387
-2.92239
-4.71635
-3.25491
-1.76904
-1.88034
-4.90483
-1.87579
-1.44997
-2.02188
-1.80328
-2.69334
-5.03171
-1.99567
-3.84201
-5.18428
-5.42705
-4.24181
-1.24406
-1.45171
-4.51845
-2.68941
-3.21896
-5.2657
-3.37408
-0.947708
-2.41803
-3.12711
-5.39085
-1.72452
-1.57338
-1.9709
-3.01036
-2.18021
-1.99854
-4.31496
-2.08588
-0.772034
-1.81645
-2.11372
-1.79422
-5.15575
-4.45773
-4.75729
-3.83682
-2.0479
-2.17609
-4.83681
-2.78185
-5.06651
-4.5916
-1.56595
-4.36307
-3.90947
-1.95331
-2.53815
-3.27458
-4.51918
-1.82521
-4.76888
-1.73248
-1.74428
-5.49173
-2.26822
-5.13127
-1.99687
-2.21553
-2.10014
-1.72733
-1.95854
-0.427216
-2.2485
-2.59195
-3.06995
-1.96622
-4.13435
-4.28111
-1.9599
-5.08357
-2.55876
-3.16103
-1.60075
-3.29321
-4.40855
-4.46883
-1.32336
-4.35542
-1.94058
-2.73373
-2.2411
-2.30887
-2.02397
-1.80783
-4.44379
-1.959
-2.48169
-4.97733
-4.43369
-4.95003
-2.89104
-3.51251
-4.59653
-1.89284
-4.33437
-1.90811
-1.31067
-0.788284
-2.51305
-2.9619
-3.48276
-2.44435
-3.02948
-5.34627
-1.80986
-1.58337
-1.4606
-4.03102
-2.10406
-1.67558
-2.53235
-2.34836
-2.00026
-1.91287
-1.46786
-3.91211
-5.39444
-3.18942
-5.13626
-2.06419
-1.94266
-1.90805
-4.79819
-1.9169
-1.61816
-1.94832
-4.24924
-4.511
-2.83754
-0.482285
-4.56406
-1.21107
-5.12038
-1.67067
-2.87067
-5.08026
-2.62457
-2.93729
-2.6337
-1.77911
-2.28038
-1.47678
-2.84497
-1.79358
-1.51971
-1.42305
-1.61311
-4.32756
-1.62619
-3.9281
-1.78413
-2.85449
-4.02103
-4.72734
-4.17786
-3.10143
-1.46277
-4.70334
-4.12843
-2.19197
-4.45503
-2.92976
-2.61821
-2.34399
-2.71187
-1.73955
-1.37968
-4.64494
-2.90802
-3.15102
-2.52534
-1.82814
-1.23859
-2.85411
-2.65797
-4.96822
-1.05371
-1.53859
-4.91341
-3.66025
-4.18858
-4.19771
-4.3806
-1.60895
-2.01555
-1.38795
-3.41534
-4.71635
-1.62463
-2.48045
-3.21985
-2.37338
-4.93858
-1.61957
-1.97141
-1.74051
-1.71432
-4.42165
-3.32802
-4.59685
-5.08087
-1.78355
-3.26082
-1.62128
-1.72099
-1.06177
-4.41679
-2.91631
-4.33212
-1.40974
-1.78998
-2.632
-1.96371
-5.49298
-1.71886
-5.37625
-2.32616
-1.89565
-1.75502
-2.00481
-0.972107
-2.87766
-3.18111
-1.2543
-1.50336
-1.69014
-1.37756
-2.46664
-1.11026
-4.29515
-2.66391
-2.27684
-4.13263
-1.39355
-4.15591
-2.19664
-5.69833
-2.54367
-3.90721
-4.76009
-5.02737
-4.57108
-1.41801
-1.91074
-2.91864
-3.40213
-3.07074
-1.90211
-4.74388
-3.42204
-3.55443
-4.8213
-2.57756
-1.0358
-0.85704
-2.07729
-4.78392
-1.77353
-4.4687
-3.41551
-3.62602
-2.02248
-2.4362
-2.75128
-1.64897
-3.383
-2.13676
-1.69571
-2.88304
-2.86142
-4.17499
-1.33807
-3.82556
-3.42865
-3.23422
-1.57585
-1.71547
-2.81985
-1.80035
-4.84508
-3.20441
-2.35544
-2.82489
-1.84991
-4.39915
-3.14548
-2.69102
-5.53172
-1.76686
-4.8447
-4.53671
-1.03087
-1.78914
-1.67252
-4.04468
-3.94109
-1.9743
-2.93396
-3.40604
-1.87311
-1.08032
-2.68324
-3.00308
-0.304703
-1.1165
-1.89502
-2.72736
-1.45226
-1.75467
-2.77721
-1.25357
-1.53871
-2.71565
-4.93324
-4.96205
-2.53879
-2.51546
-2.61964
-1.14372
-1.51059
-2.25012
-3.69138
-1.86217
-1.10735
-3.01836
-2.8105
-1.31084
-2.38321
-2.25443
-3.03897
-4.65869
-1.87679
-3.99332
-2.66544
-3.8511
-2.5995
-4.88469
-1.72163
-3.07518
-1.95699
-2.07104
-1.42484
-3.86784
-5.35042
-1.68085
-1.88266
-2.22002
-2.66534
-2.62408
-5.07486
-3.1122
-2.71121
-2.88225
-2.36299
-3.8138
-1.24187
-3.18652
-5.21646
-1.19
-5.22125
-2.76959
-4.18791
-2.82817
-3.92038
-1.85468
-2.76764
-3.08813
-4.83905
-3.29453
-5.14471
-1.42871
-1.88327
-3.83107
-2.74316
-4.94145
-1.56952
-3.09099
-2.63661
-1.61072
-2.19809
-4.32315
-1.83836
-2.35989
-2.91833
-1.58507
-4.74057
-4.06169
-2.10081
-0.791183
-3.58754
-5.07309
-1.97406
-4.99608
-1.74948
-5.11931
-1.38617
-2.84846
-2.12282
-1.86208
-2.36099
-1.83646
-4.04832
-1.90393
-4.70895
-4.53265
-4.48776
-2.588
-2.73444
-1.60362
-4.41153
-1.75925
-4.12802
-3.07771
-3.08026
-2.84515
-4.93175
-4.24237
-3.49255
-1.85722
-3.89783
-2.42397
-4.55727
-4.0345
-4.09744
-2.58444
-0.71199
-1.64328
-2.26538
-3.01746
-2.71165
-2.43387
-3.57986
-4.70291
-1.30971
-4.48798
-0.937866
-1.91368
-4.67464
-3.04567
-2.19733
-2.92586
-1.30695
-2.59233
-4.73488
-5.47348
-4.66164
-1.91447
-4.62141
-1.09326
-4.44299
-2.97292
-2.66386
-0.634369
-5.22704
-1.2588
-1.84634
-1.55836
-3.36485
-2.06233
-1.97598
-1.27742
-3.97554
-4.96092
-1.95622
-3.15044
-1.96806
-2.26241
-1.65648
-1.86693
-1.65665
-2.51779
-2.06284
-4.34569
-2.02708
-5.07066
-1.93373
-2.71658
-2.41783
-4.99628
-2.61722
-1.73549
-3.21967
-5.58899
-2.5257
-1.52409
-2.70804
-5.26784
-4.89389
-4.78604
-1.58144
-3.79817
-1.78015
-4.84528
-4.02791
-1.7953
-3.21399
-2.48126
-4.73112
-2.77197
-4.13742
-5.24252
-3.92328
-2.27534
-2.69962
-3.82529
-2.54567
-1.60728
-1.38593
-2.75949
-2.86456
-1.59178
-1.04179
-1.83746
-4.91667
-1.5563
-2.22267
-2.59966
-3.30862
-2.02402
-1.57837
-5.01228
-1.06804
-2.77505
-5.28326
-3.55959
-2.10843
-2.51152
-0.868011
-4.78052
-1.80534
-1.21355
-5.1371
-1.95247
-1.9483
-1.39896
-1.08287
-4.33774
-2.56372
-5.12329
-3.20255
-0.273804
-1.58554
-2.18498
-5.47394
-2.36987
-1.51595
-1.91774
-4.57524
-1.91071
-3.54567
-4.60526
-0.99527
-2.69354
-0.846619
-2.55649
-3.48289
-2.00333
-3.34344
-2.02818
-2.62468
-1.74084
-1.8333
-3.65059
-5.14917
-1.66779
-1.5912
-1.58841
-1.03986
-1.34312
-2.18567
-2.06616
-1.59323
-2.23724
-2.2529
-4.46754
-2.38931
-1.66197
-5.94232
-1.63237
-1.72888
-1.55986
-5.28001
-2.9286
-4.36539
-1.93523
-2.75589
-2.20526
-2.21228
-3.75497
-3.90422
-1.12996
-3.42188
-2.63008
-1.28841
-4.98643
-1.76003
-1.68768
-2.69057
-2.84648
-5.49944
-2.50752
-1.72916
-5.31158
-2.22011
-1.31636
-2.40468
-2.15524
-4.10152
-4.36479
-4.19371
-4.11301
-2.54219
-1.70074
-2.44516
-2.33727
-2.22699
-4.51457
-4.69705
-3.05296
-4.05786
-3.57716
-2.89946
-2.31155
-5.08221
-2.70511
-3.99496
-2.45001
-3.83299
-3.22729
-1.97951
-2.34164
-4.67035
-1.32387
-5.04788
-2.46017
-1.51665
-0.724854
-2.89127
-3.70781
-1.87178
-1.86855
-2.71793
-2.85329
-1.81058
1.80557
-1.89265
-2.4818
-1.55615
-1.89757
-3.03073
-4.3414
-1.63396
-3.403
-5.38423
-2.17451
-4.99388
-3.16335
-2.67378
-2.67172
-1.26408
-3.89804
-4.40176
-5.4252
-2.37976
-2.84479
-4.90681
-4.20116
-4.88702
-1.78563
-1.93961
-1.91336
-2.88554
-2.70816
-5.2599
-1.33369
-4.78264
-5.36986
-3.54224
-1.95459
-3.29434
-1.95197
-5.48552
-0.830582
-2.85175
-2.04292
-1.37686
-3.60434
-1.51288
-2.56099
-3.2123
-2.38229
-1.5638
-1.45409
-3.13849
-1.37506
-1.54924
-0.582199
-2.37805
-2.74792
-1.56996
-2.44824
-1.5851
-1.5656
-1.81775
-1.59969
-1.81395
-2.96843
-2.53734
-2.49805
-1.39163
-1.40836
-5.35744
-5.25049
-1.15836
-2.85788
-1.31601
-1.12483
-1.84543
-1.35243
-1.42697
-1.53755
-2.15767
-2.12483
-1.94344
-2.10292
-1.44383
-2.07466
-1.76321
-1.48827
-1.66606
-3.64638
-3.75493
-2.70822
-1.70818
-4.08025
-4.3656
-2.00473
-0.786758
-4.57503
-2.86781
-1.83023
-1.23744
-2.21472
-1.99171
-1.65923
-1.09619
-1.73653
-4.12485
-1.70755
-3.28281
-2.45395
-3.12856
-4.61058
-1.37439
-0.568207
-2.04478
-3.33928
-1.62842
-2.59601
-4.62303
-4.78165
-1.72047
-1.22931
-4.144
-3.26482
-1.12296
-5.38846
-1.78123
-1.66776
-1.71326
-2.5218
-5.1353
-2.10728
-1.68114
-3.08145
-4.86537
-3.02905
-4.31644
-4.16855
-3.43462
-2.50754
-4.58899
-1.998
-2.83679
-2.15144
-3.70593
-4.65169
-1.83411
-5.43158
-1.06108
-1.67578
-2.72687
-1.57265
-2.93964
-2.10519
-3.15042
-3.24455
-1.66997
-2.77426
-4.95738
-3.78204
-3.73547
-1.15102
-3.78204
-4.28703
-4.46725
-1.696
-1.14587
-4.63301
-4.95085
-2.68013
-1.56042
-1.81595
-1.82878
-1.56488
-1.83794
-2.8062
-2.01744
-3.05145
-1.47758
-3.89575
-2.71469
-1.63771
-1.64905
-4.95461
-5.27199
-4.31862
-4.5818
-3.33133
-4.09502
-1.91689
-1.98019
-2.36591
-4.41269
-1.5101
-1.33443
-4.88193
-5.04457
1.60892
1.96252
0.170349
2.47333
2.08279
1.83414
2.03255
2.5408
1.63263
1.8027
2.43402
-0.0679474
2.4514
1.77324
1.98317
1.97079
1.9968
2.06975
1.94363
2.27211
1.88705
0.762039
1.70763
1.41382
2.60226
2.20602
2.62027
0.233582
1.96738
1.77509
0.358612
2.18338
1.11206
0.608673
2.46559
2.31798
2.46643
2.57372
2.50746
2.44855
1.74391
1.98026
2.10654
1.85928
1.8826
1.25218
1.4128
2.43794
1.82758
2.59245
1.97632
2.86275
1.43689
1.1794
1.80925
2.14792
0.788467
1.68065
1.85164
1.90936
2.24539
2.06311
2.3382
-0.252502
1.58702
2.02469
2.40634
1.87781
0.88533
1.42879
1.78275
2.05394
-0.544922
2.12633
2.09274
1.88199
2.23276
1.38455
1.72629
1.98607
2.20174
2.22798
2.15675
1.42365
1.27039
1.79805
1.42778
1.8558
1.74927
2.03622
2.37013
1.68578
1.52547
1.73708
1.7663
1.88248
1.8282
1.53864
1.88933
1.71628
1.59369
1.61208
1.35855
0.517441
1.59251
1.82852
1.53214
0.487747
1.99664
1.49641
1.56203
1.17532
1.29163
2.177
2.69234
1.70709
2.24123
2.25392
2.36691
1.20844
1.57605
1.16725
2.51105
2.44966
1.76472
1.2207
1.4389
2.44266
2.06229
1.32516
1.55534
2.00897
2.04762
2.62872
1.8046
1.05417
1.27478
1.3447
0.187027
1.18114
1.65105
2.5537
1.87834
1.4798
1.99962
2.21104
1.29967
2.40465
1.7314
2.54568
1.79103
0.679611
1.58138
1.77112
2.11621
2.6264
2.18021
1.84651
1.09888
2.51347
1.39478
2.5808
0.951401
1.6817
1.75873
1.12196
0.194656
2.04338
1.61462
1.18474
1.74037
2.53761
1.48746
1.52379
2.01349
2.09663
1.65352
2.29677
1.4566
1.19649
1.99397
2.33002
1.57837
2.10039
1.66109
1.80676
2.8087
0.955368
2.34236
2.20659
1.96523
1.04489
2.8365
1.92116
2.28677
0.898499
1.49922
2.20461
1.80383
2.1725
2.02147
2.76749
1.43402
1.63683
2.3811
2.15558
2.38206
1.75128
1.88239
1.51511
1.41982
1.4165
1.49821
1.64388
1.74754
-0.0484009
1.36357
2.09956
1.68144
2.35411
1.28632
1.94446
1.88956
1.45798
-0.405075
1.28976
1.19063
1.38795
1.70627
1.20026
2.61765
1.89864
1.89122
2.74736
2.11926
1.53714
1.38847
2.39119
2.05899
1.42601
1.88635
1.76337
2.15521
1.63676
1.62451
2.47282
2.2247
1.28308
1.06706
1.9969
-0.0530548
2.16745
1.34744
2.39145
1.80334
2.44168
2.55887
2.00952
2.87706
2.27791
2.21092
2.26663
1.03236
1.57692
1.57857
1.49104
2.03188
1.72144
2.32867
1.448
1.91019
1.88429
1.18285
1.0925
1.48193
1.19878
1.89444
1.28676
1.61852
2.13518
1.62561
1.68787
2.52882
1.41637
1.96315
2.29942
0.0907898
2.52783
-0.607803
-0.044342
1.04059
2.73918
2.36084
1.98264
1.86145
-0.179718
2.41826
2.34128
1.64589
1.55833
1.65993
2.3499
2.07465
2.38394
2.5667
1.96584
1.59366
1.41362
1.96419
1.30658
1.59482
-3.21994
1.95457
2.37692
1.16895
1.07619
1.53107
2.12053
2.13615
1.06313
-0.22702
2.32069
1.4005
0.914612
2.24696
2.55638
2.23845
1.03764
1.54115
2.33586
2.16557
1.63022
2.42552
1.44569
0.933441
2.04295
1.50662
2.34053
1.78032
2.0278
1.30017
1.6095
2.23537
2.66469
1.55923
2.65456
1.86281
2.08995
2.77444
1.64333
1.52646
2.17593
2.02446
2.33026
2.44685
1.6711
0.521713
1.31282
1.64642
2.34286
1.22086
2.20322
1.87759
1.64462
1.93109
1.63287
1.75012
1.77261
1.10106
1.40271
1.41208
2.68277
1.53784
0.194458
0.889389
1.74428
1.85281
2.37027
1.79903
2.16617
1.94737
1.52838
2.56436
2.61992
2.0407
2.15897
1.79715
1.92307
1.6622
2.34613
1.70674
1.86903
2.3479
1.48338
1.55623
1.8763
1.78069
2.93372
1.22481
1.34497
1.91719
2.24638
1.73721
2.38049
2.22118
2.0489
2.11217
0.629547
1.63988
2.49612
-0.835373
2.29779
1.81981
-3.88007
1.78653
2.7921
2.97519
1.32915
1.9216
1.97081
1.84749
1.55479
2.38525
1.62796
1.76236
2.47456
2.21704
2.25206
2.65088
-0.62825
1.867
1.77827
2.13135
1.35904
2.21007
1.57396
1.36577
2.03336
2.20401
2.12141
2.04918
1.90219
1.64247
1.98915
2.06148
1.11389
1.74245
1.02722
2.35107
2.05531
1.42545
1.45328
1.5818
-0.3479
1.20995
1.6516
2.01366
1.84988
1.06963
1.46959
2.20757
1.68938
1.83727
1.4438
2.59631
1.89635
1.87372
1.46016
2.52998
-0.465134
0.379562
2.38899
1.34036
1.59334
1.78172
1.63039
1.23331
2.08182
2.46689
2.15196
2.55603
1.49739
1.81277
2.5835
2.48022
0.846756
2.19485
1.87401
0.593292
2.12965
2.35164
2.02353
1.83607
1.61966
1.97977
1.79108
1.52087
2.94598
2.02458
1.92973
1.85831
1.1196
2.26988
-0.454727
2.52477
2.25745
2.30478
2.39638
2.03238
1.81908
1.77264
1.56792
2.04951
0.270248
2.30722
2.04311
2.24121
1.89543
1.95834
1.45883
1.81256
-0.571579
1.41684
1.71982
2.22923
1.73633
2.58583
2.65717
1.96956
1.67174
1.57932
1.62448
1.50749
1.75548
2.23265
1.88394
2.22256
1.44592
2.50093
2.11127
2.59225
1.43748
1.72993
2.42055
1.78098
0.846695
2.35522
2.08536
1.35172
2.02232
1.66745
-0.0449677
2.68428
1.68416
0.354767
1.23257
2.11575
2.30435
1.4819
2.05492
2.23279
2.26137
1.77254
2.44803
2.06458
1.53036
1.82214
1.19438
1.19009
2.20645
2.0195
2.44627
1.66824
2.03586
0.0148621
1.83554
1.96693
1.47102
2.32523
1.30688
2.0062
1.97224
2.06865
1.74026
0.98439
1.69571
2.78514
1.38948
1.42455
2.42639
2.83643
2.21819
1.44142
1.92661
1.0484
1.67616
2.33728
1.73288
1.63455
1.6895
1.53526
1.9651
1.92729
2.26898
1.83943
2.24892
1.38797
1.41882
1.60008
1.8969
2.44789
2.12131
2.3075
0.861526
1.65617
0.696487
2.56123
1.20474
1.2803
1.63477
2.67627
1.53928
1.93135
2.66556
2.38423
2.11108
1.79269
2.20215
0.136673
2.29126
1.6973
1.68896
1.58615
1.06908
0.393951
2.01659
1.72246
1.66763
1.81563
2.39178
1.91148
1.67673
2.02812
1.36446
0.832245
2.01775
-1.80208
1.80576
1.55884
1.48557
1.67473
2.20346
1.86353
1.94508
-0.385468
1.84538
2.29913
2.46629
1.70459
1.71799
1.61922
2.26218
1.74739
2.33649
2.37071
2.11798
2.42062
1.58701
1.52574
1.15143
1.97923
2.36177
1.53281
0.778641
1.66678
1.62682
2.71761
2.20235
1.22939
1.57214
1.73895
1.60904
2.30202
1.85103
1.68367
1.9505
1.74767
2.01714
1.90945
0.912796
1.51732
1.73462
1.6355
2.33493
2.17854
1.88773
2.3504
3.16779
2.02193
2.30597
0.331512
2.20273
2.30252
2.54913
0.821991
1.95541
1.59363
2.09436
2.61848
1.4994
1.8264
2.09929
2.4373
1.76552
2.7068
1.03828
1.94258
1.43919
2.00214
1.61063
2.75247
1.50638
1.9532
1.94604
1.50859
1.20656
1.52156
2.24928
2.52991
2.11386
1.67177
2.3848
1.89467
2.01198
1.38286
1.66835
1.85834
2.13817
2.28609
1.74641
1.46394
2.05872
0.329147
1.36932
2.16534
2.49005
1.70218
2.0748
1.93161
1.54941
1.40092
0.112106
1.22209
1.47916
1.77556
2.49483
1.54816
1.73549
0.85408
2.09599
1.23836
2.19377
1.20079
1.9516
2.06877
2.42172
1.75761
2.09291
1.57983
1.87636
1.56122
1.11517
2.30269
1.59122
0.430237
0.867172
1.12509
2.04271
1.88988
2.52647
2.1795
1.95624
1.29005
1.46722
1.53519
2.24541
2.21176
2.31081
2.00287
1.49008
2.05774
2.11473
-0.726761
1.97589
2.32466
1.5088
1.33263
1.93588
2.40424
1.62927
1.98938
1.21819
2.49203
1.8566
1.26736
1.57195
1.71774
2.11339
1.5134
1.42307
1.69647
0.985779
2.29219
0.124542
0.882141
1.70003
1.14594
1.76004
1.14456
1.66409
1.91235
0.893402
1.74826
1.91264
1.94835
2.47098
2.2979
2.55821
1.3024
1.92116
2.00153
2.39232
2.72049
1.81566
2.08011
2.52853
1.16206
1.72089
1.50851
1.96069
1.70943
1.48174
1.98947
-3.19934
1.89871
0.840302
1.34621
1.65471
2.48161
1.51321
2.13934
1.16241
1.95355
2.17973
2.25699
0.0197601
1.74792
2.29765
1.79724
2.14917
1.99536
2.57248
-0.454651
1.8979
1.72227
1.76378
2.12685
0.342499
2.04169
1.34242
2.08244
1.70039
2.46324
0.94194
2.40776
2.6306
1.84869
2.58929
2.41484
2.2999
1.74464
1.65759
-0.273483
1.18234
2.31776
2.75764
1.93394
2.4044
1.83031
2.58722
1.9856
1.2426
2.09828
1.90387
2.04817
2.2782
1.69243
0.838516
0.958191
1.94182
1.49123
-0.268173
2.30803
2.10783
1.134
1.56468
2.40793
2.64436
1.96802
2.1561
2.20128
2.30362
2.29584
1.67009
1.71841
1.83781
1.53293
2.34494
2.64618
2.62952
2.20786
1.85562
1.52373
0.738327
0.437683
2.22426
2.07564
2.53654
1.63908
1.96236
1.33266
1.42209
1.92845
1.59856
2.35941
1.83823
1.77469
2.51564
2.23085
2.31435
1.57069
1.88255
2.07127
1.423
1.74513
2.15526
1.79849
1.50009
2.71259
2.32249
2.06229
1.76521
1.54089
1.4084
1.59334
1.40875
2.21317
1.5874
2.60846
2.27185
0.19989
1.43414
2.15141
0.483673
1.94363
1.92851
1.14549
1.65971
2.17644
2.12257
1.47981
1.40927
2.46565
1.03348
1.94113
1.28252
1.62807
0.786407
1.31642
1.96082
1.71741
1.80058
2.29251
1.56148
1.57211
0.352661
1.74121
1.21262
2.34778
1.99886
2.46175
-1.72932
2.22026
0.00114441
1.86601
0.852676
2.42888
1.36128
2.56552
2.33591
2.1293
1.44135
0.31871
1.78856
2.06818
2.05743
2.09219
2.3278
1.7498
1.79169
1.72964
2.11435
1.65424
2.03839
1.76001
1.83119
1.36003
1.50661
2.0809
1.53004
2.36743
-0.414795
1.65909
1.97704
1.57599
1.79707
1.63243
1.82729
0.610916
1.95697
1.93889
1.07822
0.867599
2.444
1.76419
1.56911
2.60832
2.08235
1.90773
2.84842
2.01038
1.80984
-0.539383
1.79427
2.10101
1.57079
2.30132
1.72939
1.81903
2.71642
1.41074
1.50681
2.00954
2.69247
1.7231
2.25523
1.46611
2.4855
-0.32135
1.78706
2.02832
2.52989
1.89209
1.4599
1.05421
1.88339
1.99112
2.21681
2.16292
2.32611
1.88832
2.42982
0.303391
-0.461853
2.68494
2.05959
2.04633
1.32693
1.46852
1.87701
1.24402
1.6655
1.83766
1.52237
1.79031
1.29289
1.44646
2.49033
0.964523
-0.601425
2.06555
2.40465
1.67404
-0.166351
0.839066
2.16187
1.93279
1.64503
1.30986
0.243134
1.52716
1.30872
1.91653
1.86479
2.00305
1.99065
3.12585
-0.339859
2.2039
2.39513
2.32152
2.28159
1.93022
2.61923
2.18144
2.13928
1.48906
1.76843
1.46162
1.70854
1.86021
1.40762
2.65813
1.95737
1.2764
-0.35202
2.24791
1.0257
2.39523
0.017334
1.8979
1.18182
1.6199
1.51689
1.46863
1.31644
1.29689
1.90038
1.01268
1.84631
2.29668
2.24417
1.43709
1.58069
1.68988
1.3795
2.25525
0.791077
1.7963
1.37488
1.49454
1.99741
-0.760025
-0.0628052
2.60062
1.8222
2.06328
2.40591
2.28528
1.1011
1.73517
2.06412
2.36586
1.77171
2.23322
0.0310974
0.857422
2.13434
1.31532
1.59193
1.41711
1.93266
1.31171
1.06752
1.52257
-0.00201416
0.407791
1.68915
2.37395
2.11699
2.32153
2.05489
1.62271
1.51447
1.35698
1.60838
1.84142
-0.0372314
1.73903
2.24008
2.0428
2.16264
1.77742
1.75745
1.66107
1.62669
1.2187
2.35979
2.17151
0.983475
2.16551
2.03871
2.04507
1.88495
1.9599
1.9547
1.71864
1.95892
1.50078
1.59671
0.231995
1.18739
1.15164
1.88438
1.83247
1.15186
1.12674
2.68668
2.1776
2.03867
1.68517
1.56177
1.88354
1.89291
2.18103
2.37108
1.59952
2.51274
1.44781
0.202148
2.56638
0.366898
1.388
2.09804
1.96008
1.96762
1.62465
1.992
1.33775
2.41643
2.49796
2.4193
1.24146
2.24269
1.92397
0.168106
1.43718
2.13763
2.17879
2.13501
1.99849
1.00188
2.32219
1.58444
1.11145
2.50446
2.67935
1.33752
1.47601
2.35393
1.92046
1.19785
1.96765
1.37152
2.48274
1.44812
1.46347
1.81689
2.09549
-0.99231
2.29298
2.38518
-0.00166321
1.44667
1.54456
1.33386
1.13658
2.22086
1.06328
1.77132
1.50774
1.73055
1.43034
2.02109
2.46944
2.05495
2.57925
1.15144
1.75438
1.8887
1.67506
1.94757
2.38527
1.91026
1.8064
2.21992
2.05377
1.49611
2.63403
1.38367
1.93214
1.94972
1.0015
2.10626
1.86185
1.29312
2.48489
1.18791
0.572601
-0.761734
1.08542
1.84343
1.93314
1.45618
1.63867
2.27307
2.27676
2.47095
1.75677
1.88712
2.15102
1.03169
2.7841
2.06065
2.45488
1.31557
1.28903
1.22325
2.50752
2.08774
1.59283
1.72598
2.19025
1.94588
2.41466
2.4969
0.82608
2.00636
1.53613
1.7206
1.75273
-0.219467
2.10341
1.37259
2.05438
1.54182
1.519
0.810272
2.08174
1.18906
1.13115
1.77414
2.48085
1.78636
1.8425
2.00015
1.94368
2.03978
1.5034
1.90031
0.273758
1.40919
1.43854
1.97725
2.12013
1.55554
1.82939
1.90015
1.95374
1.74693
2.1971
2.29109
1.9176
2.0636
1.967
1.54048
0.700302
1.05327
1.36063
1.52287
1.55177
2.38336
1.56982
1.67845
1.4397
-1.05727
2.03084
1.933
2.00658
2.71268
1.48761
1.87494
1.99124
2.38554
1.26016
1.13918
1.3344
1.42903
1.39951
1.87883
1.3175
0.754898
0.976776
1.71162
1.93257
1.59773
1.93787
2.54573
2.15636
1.68114
2.36679
2.49062
1.9624
