-1.89969
-1.49289
-1.42871
-1.67543
-2.06259
-3.99345
-2.06319
-2.25813
-1.61191
-1.44449
-1.41275
-4.52496
-3.01707
-1.77608
-2.06497
-2.90646
-1.72285
-3.38951
-4.05145
-3.17152
-4.71738
-2.82658
-4.09302
-2.81331
-2.42654
-2.73044
-0.931488
-2.5928
-1.89133
-3.22504
-5.76736
-1.42223
-0.891754
-5.38503
-2.13577
-1.27753
-1.60408
-1.28308
-3.14073
-1.02026
-1.69501
-1.52141
-3.0576
-2.1624
-2.11404
-1.46822
-4.21538
-1.3029
-1.69444
-2.87852
-1.72816
-1.78302
-2.64743
-1.38286
-2.03052
-4.92357
-4.22284
-1.95421
-2.5359
-2.91467
-0.771072
-2.73495
-4.37398
-2.54533
-1.5042
-2.80225
-2.25505
-1.41122
-4.62596
-1.9552
-4.56349
-1.02164
-3.69847
-2.54005
-1.56303
-3.65318
-3.71271
-4.14255
-4.98616
-2.70601
-3.86458
-1.62483
-2.69757
-4.61629
-3.53729
-1.31503
-4.12823
-3.99991
-2.60059
-1.98935
-1.88358
-4.74623
-1.91699
-1.25645
-2.26027
-2.16518
-2.11815
-1.30826
-1.75568
-1.52512
-1.91409
-1.55482
-1.30368
-0.959091
-2.56996
-4.53123
-1.72226
-4.10101
-4.8701
-1.77945
-2.66322
-1.61024
-2.05058
-4.99286
-1.78621
-3.0705
-4.61432
-1.82103
-4.47701
-2.37903
-4.78818
-1.39215
-2.85547
-4.04668
-3.90501
-2.00365
-2.09399
-3.98924
-1.50838
-4.81467
-1.54002
-5.87392
-0.726944
-1.84615
-0.366974
-3.81999
-1.95409
-2.26604
-2.0256
-3.47194
-2.13982
-3.77347
-2.94582
-2.17648
-2.24718
-3.18037
-1.3425
1.03947
-1.42717
-4.7641
-1.15871
-5.38036
-1.81003
-0.91394
-4.98523
-4.61337
-1.59955
-4.57256
-2.71361
-4.21658
-2.51459
-3.92987
-2.43945
-2.28098
-1.98584
-2.09685
-1.95509
-4.09126
-2.89168
-4.36165
-1.1087
-1.60378
-2.96288
-3.08124
-1.57684
-1.03314
-4.01332
-1.14331
-1.1265
-3.28793
-2.05208
-4.41051
-1.80833
-3.48149
-2.8302
-2.02747
-4.84511
-2.22969
-4.41701
-2.55785
-2.25748
-3.21379
-3.08961
-2.73871
-2.91122
-2.47142
-4.40311
-2.93192
-1.94911
-5.03653
-5.51544
-0.778854
-3.91214
-1.80875
-1.70274
-4.27756
-4.66388
-2.51357
-3.69014
-1.75664
-5.677
-1.88469
-1.96632
-4.77588
-4.32614
-1.47128
-1.24269
-1.92555
2.5042
-2.73535
-2.23898
-3.34499
-4.87686
-1.76686
-2.16759
-4.44547
-4.76668
-1.89195
-1.82205
-2.84349
-1.61026
-4.93187
-4.51283
-1.79198
-3.22403
-1.34949
-2.34407
-2.8781
-0.5952
-2.37393
-1.41209
-1.72362
-2.09196
-2.22083
-1.19357
-2.66876
-3.894
-4.08334
-4.12077
-0.0626678
-3.09195
-1.59839
-1.77069
-3.87103
-3.09431
-1.9431
-2.03979
-3.11125
-3.136
-4.38927
-2.54593
-2.15379
-2.81915
-5.21948
-1.26993
-0.987228
-3.49319
-1.86618
-2.47781
-4.81354
-3.2357
-1.78671
-2.27567
-2.30617
-1.2683
-3.22548
-4.12126
-3.07687
-2.08403
-0.636749
-1.12051
-1.0843
-3.10046
-3.54436
-3.06821
-1.39857
-4.66583
-2.02931
-2.67439
-4.11763
-4.48558
-1.68642
-4.20271
-1.99503
-2.15366
-2.17279
-2.13272
-1.6481
-1.80637
-1.35374
-2.92259
-1.36612
-1.6638
-1.6311
-2.00754
-2.56235
-2.0778
-1.52472
-1.2988
-2.34088
-2.23953
-5.02126
-1.94368
-2.1965
-2.87389
-4.56197
-1.46906
-1.55777
-2.69702
-2.18571
-1.45209
-2.5744
-1.46658
-4.60446
-1.54059
-1.71695
-1.81651
-1.4838
-4.29922
-4.6044
-2.35742
-3.53943
-4.48247
-2.42332
-5.06342
-1.59346
-5.41345
-2.69769
-2.05762
-2.59425
-1.86703
-4.18388
-2.92245
-4.71629
-3.25496
-1.76906
-1.88031
-4.90486
-1.87589
-1.44981
-2.02187
-1.80333
-2.69334
-5.03171
-1.99562
-3.8421
-5.18427
-5.42705
-4.24179
-1.24397
-1.45168
-4.51836
-2.68951
-3.21883
-5.26562
-3.37401
-0.947723
-2.41801
-3.12715
-5.39076
-1.72443
-1.57335
-1.97089
-3.01044
-2.18031
-1.99841
-4.31494
-2.08591
-0.772049
-1.81633
-2.11383
-1.7942
-5.15572
-4.45781
-4.75734
-3.83673
-2.04787
-2.17603
-4.83678
-2.78181
-5.06657
-4.59167
-1.56602
-4.36298
-3.9095
-1.95329
-2.53828
-3.2746
-4.51926
-1.82513
-4.76891
-1.73248
-1.74426
-5.49174
-2.26825
-5.13126
-1.99684
-2.21555
-2.10022
-1.72731
-1.95853
-0.427277
-2.24843
-2.59187
-3.06996
-1.96613
-4.13426
-4.2811
-1.95998
-5.08362
-2.55878
-3.16104
-1.60071
-3.29315
-4.40863
-4.4688
-1.32309
-4.35536
-1.94058
-2.73375
-2.24098
-2.30891
-2.02405
-1.80783
-4.44383
-1.95891
-2.4817
-4.97728
-4.43361
-4.95001
-2.89101
-3.5125
-4.59647
-1.89275
-4.33427
-1.9081
-1.3105
-0.788284
-2.51297
-2.96193
-3.48282
-2.44438
-3.02959
-5.34631
-1.80981
-1.58348
-1.46063
-4.03096
-2.10403
-1.67561
-2.53226
-2.34837
-2.00027
-1.91281
-1.46788
-3.91209
-5.39441
-3.1895
-5.13623
-2.06424
-1.9426
-1.90805
-4.79813
-1.91693
-1.61812
-1.94827
-4.24928
-4.51105
-2.83768
-0.4823
-4.56395
-1.21104
-5.12035
-1.67065
-2.87073
-5.08034
-2.62459
-2.93735
-2.63359
-1.77893
-2.28035
-1.47665
-2.84502
-1.79366
-1.51978
-1.42302
-1.61301
-4.32747
-1.62624
-3.9281
-1.78413
-2.85457
-4.021
-4.72736
-4.17787
-3.10136
-1.46283
-4.70332
-4.12842
-2.19193
-4.45499
-2.92979
-2.61823
-2.34401
-2.71193
-1.73953
-1.37979
-4.64505
-2.90805
-3.15094
-2.52542
-1.82822
-1.23856
-2.85413
-2.65794
-4.96823
-1.05365
-1.53857
-4.91344
-3.66028
-4.18854
-4.19783
-4.38063
-1.6089
-2.01561
-1.38791
-3.41531
-4.71634
-1.62469
-2.48038
-3.21989
-2.37331
-4.93849
-1.61949
-1.97145
-1.74043
-1.71429
-4.42171
-3.32808
-4.5968
-5.08095
-1.78357
-3.26073
-1.62128
-1.72089
-1.06181
-4.41678
-2.91617
-4.33214
-1.40974
-1.78998
-2.63199
-1.96362
-5.49289
-1.71884
-5.37621
-2.32599
-1.89568
-1.75497
-2.00479
-0.972092
-2.87784
-3.18111
-1.25427
-1.5034
-1.69009
-1.37732
-2.46667
-1.11029
-4.2951
-2.66397
-2.27666
-4.13263
-1.39362
-4.15598
-2.19637
-5.69835
-2.54372
-3.90721
-4.75998
-5.02733
-4.57101
-1.418
-1.91078
-2.91872
-3.4021
-3.07071
-1.90216
-4.74385
-3.42201
-3.55441
-4.82137
-2.57758
-1.03575
-0.857025
-2.07726
-4.78389
-1.77342
-4.46869
-3.41559
-3.62596
-2.02249
-2.43614
-2.75128
-1.6488
-3.383
-2.1368
-1.6958
-2.88289
-2.86143
-4.17499
-1.338
-3.82562
-3.42867
-3.23425
-1.57585
-1.71558
-2.81992
-1.80032
-4.84508
-3.20444
-2.35539
-2.82497
-1.84998
-4.39917
-3.1454
-2.69101
-5.53169
-1.76666
-4.84462
-4.53673
-1.03093
-1.789
-1.67245
-4.04468
-3.94119
-1.97443
-2.93396
-3.40605
-1.87329
-1.08032
-2.6832
-3.00319
-0.304718
-1.11646
-1.89508
-2.72726
-1.45227
-1.75468
-2.77722
-1.25351
-1.53879
-2.71559
-4.9332
-4.96207
-2.53871
-2.51549
-2.61961
-1.1438
-1.51053
-2.25015
-3.69135
-1.86203
-1.10733
-3.01813
-2.81061
-1.31078
-2.3833
-2.25455
-3.03889
-4.65871
-1.87685
-3.99327
-2.66545
-3.85103
-2.59955
-4.88464
-1.72173
-3.07513
-1.95688
-2.07103
-1.42484
-3.86786
-5.35039
-1.68079
-1.88268
-2.22005
-2.66533
-2.62411
-5.07492
-3.11214
-2.7113
-2.88222
-2.36305
-3.81377
-1.242
-3.18646
-5.21649
-1.19005
-5.22118
-2.76958
-4.18788
-2.8282
-3.92044
-1.8546
-2.76762
-3.08807
-4.83905
-3.29453
-5.1447
-1.42877
-1.88335
-3.83113
-2.74321
-4.94139
-1.56956
-3.09088
-2.63658
-1.61075
-2.19809
-4.32318
-1.83833
-2.35982
-2.91838
-1.58508
-4.7406
-4.06165
-2.10083
-0.791351
-3.58751
-5.07309
-1.97395
-4.99602
-1.74951
-5.11931
-1.38643
-2.8485
-2.12276
-1.862
-2.36095
-1.83649
-4.04829
-1.90382
-4.70892
-4.53262
-4.48787
-2.5881
-2.73438
-1.60355
-4.41147
-1.75928
-4.12807
-3.0778
-3.08025
-2.84511
-4.93182
-4.24237
-3.49255
-1.85722
-3.89775
-2.42401
-4.55731
-4.03458
-4.09749
-2.58458
-0.711929
-1.64326
-2.26532
-3.01749
-2.71161
-2.43384
-3.57986
-4.70288
-1.30968
-4.48792
-0.93782
-1.9136
-4.67459
-3.04575
-2.19734
-2.92575
-1.30698
-2.59235
-4.73495
-5.47342
-4.66159
-1.91449
-4.62138
-1.09323
-4.44299
-2.9729
-2.66391
-0.63443
-5.22704
-1.25879
-1.84634
-1.5583
-3.3649
-2.06235
-1.97606
-1.27739
-3.97546
-4.96095
-1.95621
-3.15033
-1.96799
-2.26234
-1.65659
-1.86682
-1.65666
-2.51785
-2.06276
-4.34567
-2.02708
-5.07066
-1.93375
-2.71658
-2.41772
-4.9962
-2.61716
-1.73534
-3.21967
-5.5889
-2.52563
-1.52402
-2.70804
-5.26775
-4.89386
-4.7861
-1.58125
-3.7981
-1.78006
-4.84529
-4.02786
-1.79509
-3.21404
-2.4812
-4.73109
-2.77214
-4.13744
-5.24248
-3.92319
-2.27541
-2.69958
-3.82526
-2.54544
-1.60735
-1.38593
-2.75949
-2.86462
-1.59186
-1.04179
-1.8373
-4.91663
-1.55629
-2.22269
-2.59969
-3.30849
-2.02402
-1.57809
-5.01222
-1.06792
-2.77502
-5.2832
-3.55954
-2.10837
-2.51157
-0.86795
-4.78049
-1.80537
-1.21347
-5.13702
-1.95251
-1.94803
-1.39891
-1.08269
-4.33768
-2.56367
-5.12326
-3.20256
-0.273819
-1.58542
-2.18497
-5.47391
-2.36983
-1.51591
-1.91771
-4.57524
-1.91074
-3.54572
-4.60526
-0.995316
-2.69365
-0.846527
-2.55646
-3.48294
-2.00333
-3.34349
-2.02821
-2.62465
-1.74083
-1.83331
-3.6506
-5.14923
-1.66768
-1.59109
-1.58847
-1.03989
-1.3432
-2.18564
-2.06604
-1.59329
-2.23727
-2.25272
-4.46761
-2.38934
-1.66211
-5.94229
-1.63237
-1.72885
-1.55991
-5.28001
-2.92851
-4.36543
-1.93529
-2.75587
-2.20526
-2.2122
-3.75496
-3.90414
-1.12999
-3.42194
-2.63008
-1.28847
-4.98642
-1.76006
-1.68768
-2.69055
-2.84653
-5.49937
-2.50749
-1.72882
-5.31152
-2.22002
-1.31644
-2.40483
-2.15523
-4.10149
-4.36482
-4.19377
-4.11301
-2.54224
-1.70082
-2.4451
-2.33727
-2.22697
-4.51456
-4.69701
-3.05293
-4.05794
-3.57719
-2.89929
-2.31157
-5.08211
-2.705
-3.99496
-2.44995
-3.83299
-3.22723
-1.97963
-2.34161
-4.67036
-1.32387
-5.04791
-2.46024
-1.51665
-0.724777
-2.89128
-3.70784
-1.87172
-1.86853
-2.71803
-2.85332
-1.81058
1.80544
-1.89259
-2.48183
-1.55598
-1.8976
-3.03079
-4.34134
-1.63397
-3.40297
-5.38423
-2.1745
-4.99393
-3.16341
-2.67383
-2.67181
-1.26404
-3.89806
-4.40172
-5.42525
-2.37973
-2.84479
-4.9068
-4.20117
-4.88699
-1.78561
-1.9397
-1.91336
-2.88553
-2.70816
-5.25987
-1.33372
-4.78259
-5.36989
-3.5423
-1.95461
-3.29437
-1.95198
-5.48555
-0.830582
-2.85176
-2.04295
-1.37677
-3.60431
-1.51283
-2.561
-3.21231
-2.3822
-1.56377
-1.45396
-3.13847
-1.37506
-1.54918
-0.582153
-2.37805
-2.74794
-1.56992
-2.44836
-1.58514
-1.56563
-1.81772
-1.59952
-1.81387
-2.96846
-2.53737
-2.49797
-1.39156
-1.40823
-5.35739
-5.25049
-1.15848
-2.85788
-1.31601
-1.12492
-1.8454
-1.35236
-1.42686
-1.53732
-2.15778
-2.12479
-1.94359
-2.10307
-1.44391
-2.07463
-1.76328
-1.48817
-1.66603
-3.64642
-3.75488
-2.70813
-1.70827
-4.08012
-4.36554
-2.00484
-0.786682
-4.57503
-2.86794
-1.83022
-1.23737
-2.21478
-1.99165
-1.65924
-1.09622
-1.73645
-4.12482
-1.70744
-3.28281
-2.45387
-3.12851
-4.61063
-1.37419
-0.56813
-2.04477
-3.33932
-1.62849
-2.59598
-4.62305
-4.78165
-1.72047
-1.22937
-4.1441
-3.26485
-1.12308
-5.38843
-1.78125
-1.66768
-1.71327
-2.52179
-5.13524
-2.10725
-1.68121
-3.08142
-4.86537
-3.02902
-4.31641
-4.1685
-3.43462
-2.5076
-4.58904
-1.99814
-2.83678
-2.15143
-3.70599
-4.65172
-1.83395
-5.43152
-1.06111
-1.6758
-2.72684
-1.57268
-2.93958
-2.10518
-3.15042
-3.24463
-1.67003
-2.77429
-4.95738
-3.78198
-3.7355
-1.15094
-3.78198
-4.28699
-4.46738
-1.69597
-1.14583
-4.63304
-4.95081
-2.68015
-1.56042
-1.81584
-1.82867
-1.56482
-1.83783
-2.80627
-2.0174
-3.05142
-1.4776
-3.89565
-2.71465
-1.63774
-1.64917
-4.9545
-5.27196
-4.31865
-4.58173
-3.33131
-4.09503
-1.91684
-1.98018
-2.36594
-4.41266
-1.51004
-1.33426
-4.88196
-5.04446
1.60899
1.96252
0.170395
2.47334
2.08279
1.83408
2.03262
2.5407
1.63257
1.80278
2.43401
-0.0678558
2.45139
1.77322
1.98312
1.97076
1.99673
2.06982
1.94363
2.27214
1.88699
0.762085
1.70761
1.4138
2.60225
2.20602
2.62025
0.233597
1.96738
1.77512
0.358643
2.18336
1.11206
0.608643
2.46562
2.31801
2.46642
2.57367
2.50754
2.44855
1.74397
1.98024
2.10655
1.85931
1.88258
1.25214
1.4128
2.4379
1.82751
2.59242
1.97633
2.86284
1.43692
1.17941
1.80925
2.14783
0.788498
1.68059
1.85161
1.90939
2.24544
2.06303
2.33817
-0.252457
1.58691
2.02461
2.40634
1.8779
0.885284
1.42886
1.78275
2.05396
-0.544907
2.12645
2.0927
1.882
2.23271
1.38449
1.72629
1.98608
2.20172
2.22801
2.15678
1.42366
1.27039
1.79802
1.42772
1.85577
1.74925
2.03629
2.37018
1.68578
1.52554
1.73703
1.76624
1.88246
1.82819
1.53862
1.88931
1.71626
1.59366
1.61201
1.35861
0.51741
1.59251
1.82858
1.5321
0.487762
1.99664
1.49643
1.56203
1.17538
1.29153
2.17702
2.69229
1.70709
2.24117
2.25391
2.36681
1.20851
1.57611
1.16725
2.51112
2.44963
1.76468
1.22073
1.43893
2.44267
2.06226
1.32524
1.55536
2.00902
2.04761
2.62875
1.80464
1.05418
1.27483
1.34465
0.187088
1.18118
1.65102
2.55363
1.87827
1.47983
1.9996
2.21094
1.29965
2.40466
1.73138
2.54561
1.79108
0.679626
1.58141
1.77116
2.11627
2.62634
2.18024
1.84654
1.09882
2.51353
1.39471
2.58084
0.95134
1.68173
1.7587
1.12195
0.194611
2.04338
1.61455
1.18468
1.7403
2.53752
1.48746
1.52383
2.01347
2.09663
1.65359
2.29675
1.45657
1.19647
1.99394
2.32999
1.57834
2.10034
1.66106
1.80675
2.80869
0.955414
2.34238
2.20654
1.96518
1.04485
2.83647
1.92114
2.28676
0.89856
1.49915
2.20468
1.80385
2.17258
2.02144
2.76746
1.43405
1.6368
2.38107
2.15559
2.38205
1.75117
1.88242
1.51509
1.41985
1.41656
1.49823
1.64383
1.74756
-0.0484467
1.36363
2.0995
1.68143
2.35405
1.28633
1.94446
1.8895
1.45804
-0.405045
1.28976
1.19055
1.38794
1.70624
1.20026
2.61757
1.89857
1.89116
2.74736
2.11935
1.53719
1.38857
2.39128
2.05898
1.42606
1.88635
1.76332
2.15527
1.63675
1.62457
2.47289
2.22475
1.28302
1.06708
1.99687
-0.0530701
2.16748
1.34735
2.39151
1.80331
2.44174
2.55887
2.00954
2.87709
2.27797
2.21091
2.26666
1.0323
1.57701
1.57848
1.49092
2.03185
1.72145
2.32867
1.44794
1.91022
1.88428
1.18277
1.09247
1.48196
1.19882
1.89449
1.28674
1.61859
2.13515
1.6255
1.68782
2.52882
1.41637
1.96312
2.29942
0.0908356
2.52789
-0.607773
-0.04422
1.04059
2.73918
2.36079
1.98267
1.8615
-0.179657
2.4183
2.34126
1.64574
1.55833
1.65996
2.34993
2.07462
2.38391
2.56677
1.96584
1.5936
1.41362
1.96428
1.30652
1.59483
-3.21989
1.95457
2.37686
1.16893
1.07623
1.53104
2.12051
2.13612
1.06303
-0.226929
2.32068
1.40048
0.914612
2.24696
2.55629
2.23845
1.03763
1.54108
2.33586
2.16563
1.63025
2.42548
1.44566
0.933395
2.04292
1.50661
2.34053
1.78032
2.0278
1.30017
1.60957
2.23534
2.66461
1.55925
2.6546
1.86284
2.08995
2.7744
1.64326
1.52641
2.17598
2.02448
2.3302
2.44684
1.67111
0.521683
1.31277
1.64629
2.34285
1.22086
2.20319
1.87762
1.64465
1.93105
1.63287
1.75014
1.77264
1.10117
1.40263
1.41214
2.68286
1.53777
0.194443
0.889343
1.74432
1.85283
2.37032
1.79904
2.16624
1.94736
1.52837
2.56436
2.61993
2.04074
2.15894
1.79716
1.9231
1.66216
2.34616
1.7068
1.86905
2.3479
1.48337
1.5562
1.87622
1.7807
2.93372
1.22478
1.34491
1.91713
2.24644
1.73723
2.38046
2.22112
2.04893
2.11221
0.629578
1.63989
2.49615
-0.835373
2.29776
1.81976
-3.87999
1.78654
2.79211
2.9752
1.32906
1.92162
1.97086
1.84756
1.55476
2.38535
1.62798
1.76237
2.47455
2.21701
2.25197
2.65092
-0.628265
1.86702
1.77824
2.13133
1.35907
2.21004
1.57394
1.36577
2.0334
2.20401
2.12144
2.04921
1.90222
1.64246
1.98904
2.06149
1.11388
1.74249
1.02721
2.35104
2.0553
1.42545
1.45332
1.5818
-0.347824
1.2099
1.65164
2.0137
1.84987
1.06958
1.46956
2.20755
1.68939
1.83731
1.44386
2.59636
1.89629
1.8737
1.46013
2.52995
-0.465103
0.379562
2.38889
1.3403
1.59341
1.78172
1.63037
1.23335
2.0818
2.46686
2.15193
2.55608
1.49733
1.81274
2.58348
2.48026
0.846802
2.19487
1.87401
0.593292
2.12959
2.35164
2.02348
1.83606
1.61967
1.97978
1.79106
1.52084
2.94595
2.02457
1.92966
1.85828
1.11966
2.26988
-0.454758
2.52475
2.2574
2.30481
2.39638
2.03241
1.81923
1.77269
1.5679
2.04951
0.270294
2.30722
2.04317
2.24123
1.8954
1.95834
1.45891
1.81259
-0.571487
1.41689
1.71979
2.22919
1.73636
2.58589
2.65718
1.96957
1.67172
1.57939
1.62442
1.50748
1.7554
2.23267
1.88393
2.22261
1.44591
2.5009
2.11119
2.59227
1.43785
1.72989
2.42047
1.78099
0.846634
2.35532
2.08528
1.35178
2.02237
1.66745
-0.0449371
2.68423
1.68416
0.354813
1.23253
2.11575
2.30443
1.48196
2.05496
2.23274
2.26138
1.77254
2.44804
2.06459
1.53035
1.82214
1.19435
1.19009
2.20648
2.01952
2.44623
1.66821
2.0359
0.0149384
1.83554
1.967
1.47105
2.32518
1.30696
2.0063
1.97223
2.0686
1.74023
0.98439
1.69576
2.78511
1.38954
1.42453
2.42639
2.83646
2.21815
1.44138
1.92664
1.04839
1.67607
2.33731
1.73285
1.63457
1.68953
1.53522
1.96507
1.92731
2.269
1.83942
2.24896
1.38803
1.41876
1.60005
1.8969
2.44792
2.12132
2.30751
0.861496
1.65625
0.696579
2.56133
1.20473
1.28029
1.6348
2.67621
1.53929
1.93137
2.6656
2.38428
2.11104
1.79272
2.20213
0.136688
2.29121
1.69728
1.68907
1.58621
1.06906
0.393936
2.01659
1.7224
1.66756
1.81564
2.39174
1.91136
1.67671
2.02812
1.36447
0.832214
2.01772
-1.80203
1.80568
1.55879
1.48553
1.67477
2.20351
1.86351
1.94513
-0.385452
1.84535
2.29912
2.46628
1.70457
1.718
1.61923
2.26221
1.74736
2.3364
2.37067
2.11798
2.42067
1.58701
1.52576
1.15144
1.97919
2.36179
1.53284
0.778595
1.66679
1.62682
2.71761
2.20236
1.22942
1.57205
1.73897
1.60905
2.30203
1.85107
1.68365
1.9505
1.74756
2.01707
1.90945
0.912811
1.51738
1.73468
1.63545
2.33496
2.17845
1.88762
2.3504
3.16748
2.02193
2.30602
0.331436
2.2027
2.30258
2.54915
0.821976
1.95546
1.59363
2.09433
2.6185
1.49944
1.82642
2.09935
2.43727
1.76553
2.70682
1.03827
1.94261
1.43915
2.00212
1.61058
2.75247
1.50639
1.95314
1.946
1.50862
1.20663
1.5215
2.24931
2.52992
2.11395
1.67169
2.38478
1.89476
2.01205
1.38278
1.66827
1.85841
2.13817
2.28604
1.74649
1.46394
2.05869
0.329224
1.36934
2.16536
2.49001
1.70213
2.07481
1.93147
1.54938
1.40088
0.112061
1.22209
1.47913
1.7756
2.49483
1.5481
1.7355
0.854111
2.09598
1.23833
2.19377
1.20079
1.9516
2.06873
2.42175
1.75763
2.09283
1.57991
1.87637
1.56119
1.11508
2.30275
1.59122
0.430206
0.867096
1.12514
2.04266
1.88983
2.52646
2.17952
1.95628
1.28998
1.46725
1.53516
2.24545
2.21178
2.31078
2.00284
1.4901
2.05775
2.11479
-0.726761
1.97586
2.32463
1.50877
1.33266
1.93588
2.40425
1.62927
1.9894
1.21823
2.49203
1.85661
1.26743
1.5719
1.71777
2.1134
1.5134
1.42308
1.69646
0.985733
2.29218
0.124619
0.882126
1.70009
1.1459
1.76004
1.14458
1.66411
1.91231
0.893448
1.74826
1.91261
1.94844
2.47093
2.29785
2.5582
1.30231
1.9212
2.00157
2.39233
2.72044
1.81569
2.08006
2.52864
1.16206
1.72086
1.50845
1.96066
1.70941
1.48175
1.98941
-3.19926
1.89874
0.840256
1.34615
1.65477
2.48166
1.51321
2.13934
1.1624
1.95357
2.17975
2.25705
0.0197754
1.74792
2.2977
1.79727
2.14917
1.99529
2.57253
-0.454681
1.89787
1.72237
1.76378
2.12688
0.342438
2.0417
1.34242
2.08243
1.70036
2.46321
0.941986
2.40775
2.63055
1.84871
2.58929
2.41486
2.29985
1.74475
1.65767
-0.273453
1.18228
2.31775
2.75763
1.93398
2.40434
1.83032
2.58723
1.98552
1.24268
2.09825
1.90382
2.04816
2.2782
1.69241
0.838531
0.958176
1.94185
1.49124
-0.268127
2.308
2.10777
1.134
1.56459
2.40794
2.64436
1.96802
2.15611
2.20129
2.30357
2.29581
1.66997
1.71837
1.83775
1.53297
2.34489
2.64612
2.62941
2.20789
1.85573
1.52374
0.738281
0.437744
2.22429
2.07562
2.53651
1.63914
1.96239
1.33264
1.422
1.92844
1.59856
2.35934
1.83824
1.77473
2.51558
2.23088
2.31436
1.57071
1.88249
2.0712
1.42296
1.74515
2.15527
1.79846
1.50009
2.71257
2.32256
2.06223
1.76529
1.54089
1.40839
1.59323
1.40875
2.2131
1.58742
2.60844
2.2718
0.199875
1.43408
2.1514
0.483582
1.94365
1.92847
1.14551
1.65965
2.17639
2.12265
1.47975
1.40926
2.46562
1.03348
1.9411
1.28249
1.62808
0.786453
1.31644
1.96086
1.71739
1.80058
2.29256
1.56148
1.5721
0.352707
1.74124
1.21257
2.34782
1.99889
2.46178
-1.72935
2.22025
0.00117493
1.86607
0.852631
2.42889
1.36127
2.56548
2.33578
2.12936
1.44133
0.318665
1.78856
2.06804
2.05746
2.09212
2.32785
1.7498
1.79169
1.72963
2.11441
1.65439
2.03841
1.76006
1.83119
1.36012
1.50662
2.08092
1.53008
2.36743
-0.414841
1.65913
1.97704
1.57594
1.79716
1.63248
1.82718
0.610931
1.95697
1.93884
1.07823
0.86763
2.44398
1.76422
1.56908
2.60834
2.0824
1.9077
2.84836
2.01036
1.80983
-0.539322
1.79422
2.10101
1.57069
2.3013
1.72943
1.81905
2.71635
1.41078
1.50688
2.00948
2.69252
1.72304
2.25523
1.4662
2.48552
-0.321381
1.78699
2.02834
2.52991
1.89212
1.45988
1.05418
1.88338
1.99103
2.2169
2.16293
2.3261
1.88834
2.42981
0.303421
-0.461823
2.68486
2.0596
2.04639
1.32698
1.46851
1.87704
1.24406
1.6655
1.83772
1.52245
1.79033
1.29283
1.4465
2.49031
0.964554
-0.601395
2.06557
2.40463
1.67395
-0.166367
0.838974
2.16183
1.93271
1.64503
1.30986
0.243149
1.52716
1.30876
1.9166
1.86479
2.0031
1.99065
3.12593
-0.339905
2.20396
2.39513
2.32149
2.28156
1.93022
2.61929
2.1814
2.1393
1.48903
1.76848
1.46167
1.70848
1.86021
1.4077
2.65811
1.95744
1.27638
-0.352005
2.24783
1.02565
2.39519
0.0173798
1.89789
1.18179
1.61983
1.51694
1.46863
1.31642
1.29683
1.90038
1.01268
1.84631
2.29665
2.24417
1.43709
1.58075
1.68988
1.37955
2.25526
0.791077
1.79626
1.37479
1.49448
1.99744
-0.759995
-0.0628052
2.60068
1.82219
2.06328
2.40584
2.28537
1.10109
1.73518
2.06418
2.36589
1.77179
2.23317
0.0311737
0.857452
2.13432
1.31529
1.59192
1.41704
1.93266
1.31175
1.06755
1.52255
-0.00205994
0.407791
1.68909
2.37392
2.117
2.32149
2.05489
1.62273
1.51431
1.35692
1.60837
1.84138
-0.0372009
1.73901
2.24008
2.04285
2.16264
1.77736
1.75748
1.66109
1.6266
1.21866
2.35982
2.17143
0.98349
2.16545
2.03873
2.04507
1.88493
1.95987
1.95465
1.7186
1.95894
1.50085
1.59674
0.231949
1.18741
1.15161
1.88437
1.83247
1.15187
1.12674
2.68666
2.17761
2.03865
1.68515
1.56175
1.88351
1.89287
2.18103
2.37108
1.59955
2.51273
1.44783
0.202164
2.56638
0.366943
1.38806
2.09804
1.96002
1.96754
1.62469
1.9919
1.33777
2.4164
2.49797
2.41927
1.24149
2.24269
1.92397
0.168198
1.43719
2.13766
2.17877
2.13495
1.9985
1.00188
2.3222
1.58446
1.1115
2.50443
2.6794
1.33755
1.47594
2.35379
1.92038
1.19786
1.96771
1.37152
2.48277
1.44812
1.46349
1.81686
2.0955
-0.992264
2.29305
2.38518
-0.00169373
1.44669
1.54456
1.33385
1.1366
2.2209
1.06323
1.77136
1.50783
1.73055
1.43034
2.02104
2.46945
2.05496
2.57927
1.15149
1.75438
1.88864
1.67494
1.94754
2.38525
1.91023
1.80635
2.21989
2.05386
1.49605
2.634
1.38361
1.93211
1.94971
1.00148
2.10626
1.86177
1.29315
2.48491
1.18791
0.572586
-0.761765
1.0854
1.8434
1.93312
1.45619
1.63873
2.2731
2.27676
2.47096
1.75684
1.88701
2.15105
1.03172
2.78412
2.06058
2.45485
1.3156
1.28903
1.22331
2.50746
2.08774
1.59283
1.72595
2.19023
1.94583
2.41464
2.49696
0.826065
2.0063
1.53609
1.72061
1.75269
-0.21962
2.10335
1.37259
2.05431
1.54182
1.51897
0.810333
2.0817
1.18915
1.13115
1.77414
2.48085
1.78638
1.84251
2.00015
1.94365
2.03981
1.50339
1.90016
0.273804
1.4091
1.43855
1.97728
2.12012
1.55553
1.82936
1.90013
1.95375
1.74692
2.19707
2.29112
1.91754
2.06367
1.96695
1.54051
0.700226
1.05324
1.36053
1.5229
1.55186
2.38338
1.5699
1.67847
1.43971
-1.05728
2.0309
1.93298
2.00661
2.71266
1.48763
1.87488
1.99129
2.38559
1.26019
1.13916
1.33438
1.42899
1.3994
1.87889
1.31743
0.754852
0.976807
1.71159
1.93263
1.59772
1.93791
2.54578
2.15642
1.68114
2.36682
2.49059
1.9624
