00
00
00
00
00
00
00
00
00
00
00
00
00
00
00
7F
00
00
7F
00
00
00
03
7F
00
01
02
00
00
02
7F
00
00
7E
00
09
7E
05
00
7E
7E
00
08
7E
03
00
7E
7E
00
03
7E
7F
00
7E
7E
00
03
7E
7F
00
7F
7E
00
05
7E
00
00
7F
7E
00
05
7E
07
00
7F
7E
00
00
7F
00
00
02
05
00
00
01
00
00
00
00
00
00
00
00
00
00
00
00
00
00
00
00
00
00
00
00
00
00
00
00
00
00
00
7F
00
00
7F
7E
00
00
7E
7F
00
01
7E
00
00
02
7F
00
01
03
00
00
7E
00
00
7E
03
00
00
7E
05
00
7E
7E
00
01
7E
05
00
7E
7E
00
07
7E
05
00
7F
7E
00
04
7E
04
00
7F
01
00
00
7F
7F
00
7E
00
00
00
00
00
00
7F
7F
00
00
7F
00
00
00
00
00
00
00
00
00
00
00
00
00
00
00
00
00
00
00
00
00
00
00
00
00
00
00
7F
00
00
7F
7E
00
00
7E
05
00
7F
7E
00
00
7E
04
00
7E
03
00
00
7E
04
00
7E
03
00
00
03
04
00
7F
7F
00
7F
01
7F
00
03
02
00
00
7E
7F
00
04
03
00
07
01
7F
00
00
7F
00
07
02
7F
00
03
7E
00
01
7E
00
00
7F
7F
00
00
7F
00
00
00
00
00
00
00
00
00
00
00
00
00
00
00
00
00
00
00
00
00
00
00
00
00
00
00
7F
00
00
7F
02
00
00
00
02
00
7F
7E
00
00
02
04
00
01
7E
07
00
03
7F
00
03
7E
31
00
7F
7F
00
03
7E
1C
7F
7E
7F
00
03
7E
01
7F
7E
04
00
02
7E
00
7F
7E
05
00
7F
02
00
7F
00
7F
00
03
00
00
00
01
00
00
7F
7F
00
00
7F
00
00
00
00
00
00
00
00
00
00
00
00
00
00
00
00
00
00
00
00
00
00
00
00
00
00
00
00
00
00
7F
7E
00
00
01
7F
00
04
02
00
00
7E
7F
00
03
7E
00
00
7E
05
00
7E
7E
00
00
7E
7F
00
7E
7E
0F
7F
7E
7F
00
7E
7E
24
7F
7E
7F
00
7F
7E
12
7F
7E
7F
00
04
7E
01
7F
7F
07
00
7F
02
00
00
01
00
00
7F
00
00
00
7F
00
00
00
00
00
00
00
00
00
00
00
00
00
00
00
00
00
00
00
00
00
00
00
00
00
00
00
02
00
00
07
03
00
14
03
05
00
04
02
00
00
02
04
00
03
03
00
00
03
05
00
03
03
00
04
03
05
00
03
02
00
0A
02
05
00
03
00
00
01
02
05
00
04
03
00
7F
03
05
00
04
03
00
7F
02
07
00
03
03
00
00
02
0B
00
7F
03
00
00
7F
00
00
00
00
00
00
00
00
00
00
00
00
00
00
00
00
00
00
00
00
00
00
00
00
04
00
00
7F
00
00
01
03
00
00
03
7F
00
7F
02
00
00
7E
7F
00
7E
02
00
00
7E
7F
00
7E
00
00
00
7E
7F
00
7E
7F
00
7F
7E
7F
00
7E
7E
00
7F
7E
7F
00
03
7E
00
07
01
00
00
04
02
00
00
02
07
00
7E
03
00
00
7E
00
00
7F
7F
00
00
7F
00
00
00
00
00
00
00
00
00
00
00
00
00
00
00
00
00
00
00
00
00
00
00
00
00
00
00
7F
00
00
7F
7E
00
00
00
7F
00
7F
7E
00
00
7E
7F
00
7F
7E
00
00
7E
7F
00
7E
7E
00
00
01
7F
00
7E
7E
00
7F
02
7F
00
7E
7E
00
7F
7F
7F
00
7F
7E
00
7F
7E
7F
00
7F
02
00
7F
7E
7F
00
7E
02
00
00
7E
00
00
7F
00
00
00
7F
00
00
00
00
00
00
00
00
00
00
00
00
00
00
00
00
00
00
00
00
00
00
00
00
00
00
00
7F
00
00
7F
7E
00
00
7E
04
00
7F
7E
00
0C
7E
7F
00
7E
7E
00
06
7E
7F
00
7E
00
00
01
7E
7F
00
7E
02
00
7F
7E
7F
00
7E
01
00
7F
7E
7F
00
7F
7E
00
7F
7E
7F
00
7F
7E
00
7F
7F
7F
00
7E
7E
00
00
02
00
00
7F
7F
00
00
03
00
00
00
00
00
00
00
00
00
00
00
00
00
00
00
00
00
00
00
00
00
00
00
00
00
00
00
7F
0C
00
7F
7E
00
00
7E
06
00
7F
00
00
00
7E
7F
00
7E
03
00
00
7F
7F
00
7E
02
00
00
03
7F
00
7E
7E
00
7F
02
7F
00
7F
7E
00
7F
00
7F
00
04
7E
00
7F
7E
7F
00
04
7E
00
7F
7E
7F
00
03
7E
00
00
7E
00
00
03
7F
00
00
7F
00
00
00
00
00
00
00
00
00
00
00
00
00
00
00
00
00
00
00
00
00
00
00
00
00
00
00
00
00
00
00
00
00
00
00
00
00
00
00
00
00
00
00
00
00
00
00
00
00
00
00
00
00
00
00
00
00
00
00
00
00
00
00
00
00
00
00
00
00
00
00
00
00
00
00
00
00
00
00
00
00
00
00
00
00
00
00
00
00
00
00
00
00
00
00
00
00
00
00
00
00
00
00
00
00
00
00
00
00
00

