00
00
00
00
00
00
00
00
00
00
00
00
00
00
00
7F
00
00
7F
00
00
00
03
7F
00
03
00
00
00
7E
7F
00
00
7F
00
00
7E
02
00
7E
7E
12
00
7E
7F
00
7E
7E
2A
7F
7E
7F
00
7E
7E
07
7F
7E
7F
00
7F
7E
00
7F
7E
04
00
7F
7E
00
7F
7E
00
00
7E
02
00
00
00
00
00
03
7F
00
00
00
00
00
00
00
00
00
00
00
00
00
00
00
00
00
00
00
00
00
00
00
00
00
00
00
00
00
00
7F
00
00
7F
7E
00
00
03
7F
00
7F
7E
00
00
02
7F
00
03
03
00
00
03
05
00
03
7E
00
00
00
00
00
01
7E
0A
7F
7E
7F
00
00
7E
16
7F
7E
7F
00
00
7E
1C
7F
7E
7F
00
03
7E
05
7F
7E
07
00
03
03
00
00
02
00
00
7F
7F
00
00
00
00
00
00
00
00
00
00
00
00
00
00
00
00
00
00
00
00
00
00
00
00
00
00
00
00
00
00
7F
00
00
7F
7E
00
00
7E
7F
00
7F
02
00
00
02
7F
00
03
03
00
00
03
7F
00
03
7E
21
00
7E
7F
00
00
7E
31
7F
7E
7F
00
02
7E
0D
7F
7E
05
00
04
02
00
7F
03
05
00
02
03
00
7F
02
7F
00
7E
7E
00
00
7E
00
00
7F
7F
00
00
7F
00
00
00
00
00
00
00
00
00
00
00
00
00
00
00
00
00
00
00
00
00
00
00
00
00
00
00
7F
00
00
7F
03
00
00
03
01
00
7F
02
00
00
02
00
00
7F
02
00
00
03
03
00
03
7E
00
00
7F
05
00
03
7E
00
7F
7E
05
00
02
7E
00
7F
7E
05
00
7F
7E
00
7F
7E
05
00
7F
01
00
7F
7F
01
00
02
03
00
00
02
00
00
04
00
27
00
02
00
00
00
00
00
00
00
00
00
00
00
00
00
00
00
00
00
00
00
00
00
00
00
00
00
00
00
7F
00
00
7F
7E
00
00
7E
7F
00
01
7E
00
02
01
7F
00
03
02
00
01
7E
7F
00
7E
7E
00
0A
01
02
00
7F
7E
00
7F
7F
05
00
7E
7E
00
7F
01
05
00
7F
7E
00
7F
03
05
00
7F
02
00
7F
7F
7F
00
7E
7E
00
00
7E
00
00
7F
7F
00
00
7F
00
00
00
00
00
00
00
00
00
00
00
00
00
00
00
00
00
00
00
00
00
00
00
00
00
00
00
7F
00
00
7F
7F
00
00
01
7F
00
7F
02
00
00
02
7F
00
7E
02
00
00
01
7F
00
7E
01
00
00
00
7F
00
7E
7E
00
7F
7E
7F
00
7E
00
00
7F
7E
7F
00
7F
01
00
7F
7E
7F
00
7F
7F
00
7F
7E
7F
00
00
7E
00
00
02
00
00
7F
7F
00
00
02
00
00
00
00
00
00
00
00
00
00
00
00
00
00
00
00
00
00
00
00
00
00
00
00
00
00
00
7F
00
00
7F
7E
00
00
7E
7F
00
7F
7F
00
00
01
7F
00
7F
03
00
00
03
05
00
03
00
00
00
03
05
00
03
7E
00
7F
00
05
00
03
7E
00
7F
7E
01
00
7F
03
00
7F
7F
7F
00
03
02
00
7F
02
7F
00
02
7E
00
00
7E
00
00
7F
7F
00
00
7F
00
00
00
00
00
00
00
00
00
00
00
00
00
00
00
00
00
00
00
00
00
00
00
00
00
00
00
7F
00
00
7F
02
00
00
7E
7F
00
7F
7F
00
00
7F
7F
00
7E
00
00
00
03
7F
00
7E
01
00
00
02
7F
00
7F
7F
00
7F
7E
7F
00
01
7F
00
7F
7E
7F
00
7F
00
00
7F
7E
7F
00
7F
7E
00
7F
7E
7F
00
7E
02
00
00
02
00
00
7F
7F
00
00
7F
00
00
00
00
00
00
00
00
00
00
00
00
00
00
00
00
00
00
00
00
00
00
00
00
00
00
00
7F
00
00
7F
03
00
00
7E
00
00
7F
7F
00
00
02
03
00
7F
01
00
00
7E
7F
00
03
03
00
00
7E
7F
00
7E
02
00
04
7E
7F
00
7E
7E
00
7F
7E
7F
00
7F
7E
00
7F
01
7F
00
7F
7E
00
7F
01
7F
00
00
02
00
00
02
00
00
04
7F
00
00
7F
00
00
00
00
00
00
00
00
00
00
00
00
00
00
00
00
00
00
00
00
00
00
00
00
00
00
00
7F
00
00
7F
03
00
00
7E
06
00
7F
02
00
00
02
04
00
7E
03
00
00
03
7F
00
7E
03
00
00
03
7F
00
7E
02
00
7F
02
7F
00
7E
02
00
7F
02
7F
00
01
03
00
7F
03
7F
00
03
01
00
7F
02
7F
00
03
7E
00
00
02
00
00
04
7F
00
00
04
00
00
00
00
00
00
00
00
00
00
00
00
00
00
00
00
00
00
00
00
00
00
00
00
00
00
00
7F
00
00
7F
7E
00
00
7E
06
00
7F
7E
00
00
7E
01
00
7E
01
00
00
7E
7F
00
7E
02
00
00
7E
7F
00
7E
7E
00
7F
02
7F
00
7E
7E
00
7F
00
7F
00
02
7E
00
7F
7E
7F
00
04
7E
00
7F
7E
7F
00
7E
7E
00
08
7E
00
00
7F
7F
00
1E
7F
00
00
00
00
00
00
00
00
00
00
00
00

