00
00
00
00
00
00
00
00
00
00
00
00
00
00
00
00
3F
00
00
3F
3F
00
3F
02
00
00
03
02
00
04
3E
00
00
3E
03
00
3F
3E
00
0A
3E
03
00
3F
3E
00
16
3E
3F
00
3F
3D
00
14
3E
3F
00
3F
3E
00
0F
3E
3F
00
3F
3E
00
05
3E
3F
00
3F
3E
00
00
3E
06
00
04
00
00
00
03
00
00
3F
3F
00
00
3F
00
00
00
00
00
00
00
00
00
00
00
00
00
00
00
00
00
00
00
00
00
00
00
00
3F
00
00
3F
3F
00
3F
3E
00
00
01
3F
00
3F
02
00
00
3F
3F
00
3F
03
00
00
3E
04
00
3F
3E
00
0D
3E
04
00
3F
3D
00
14
3E
04
00
3F
3E
00
0C
3E
04
00
00
3E
00
00
3E
03
00
03
02
00
00
02
3F
00
3F
01
00
00
3E
00
00
3F
3F
00
00
3F
00
00
00
00
00
00
00
00
00
00
00
00
00
00
00
00
00
00
00
00
00
00
00
00
3F
09
00
3F
3F
00
3F
3E
10
00
3E
03
00
3F
3E
00
00
3E
03
00
3F
03
00
00
3E
04
00
3F
02
00
00
03
04
00
3F
3E
00
00
01
3F
00
04
00
00
00
3E
3F
00
04
03
00
00
02
3F
00
04
3F
00
00
02
3F
00
04
3E
00
00
3E
00
00
3F
3F
00
00
3F
00
00
00
00
00
00
00
00
00
00
00
00
00
00
00
00
00
00
00
00
00
00
00
00
3F
00
00
3F
00
00
3F
02
00
00
02
04
00
3F
3E
03
00
03
3F
00
00
3E
11
00
03
3F
00
03
3E
11
00
01
3F
00
03
3D
0F
00
3E
3F
00
04
3E
02
00
3E
03
00
03
3E
00
00
3E
02
00
04
02
00
00
02
3F
00
01
3E
00
00
3E
00
00
3F
3F
00
00
3F
00
00
00
00
00
00
00
00
00
00
00
00
00
00
00
00
00
00
00
00
00
00
00
00
3F
00
00
04
3F
00
3F
02
00
00
3F
3F
00
04
00
00
00
3E
03
00
04
3E
00
00
3E
3F
00
02
3E
10
00
3E
3F
00
00
3D
0F
00
3E
3F
00
01
3E
0C
00
3E
3F
00
04
3E
11
00
3E
3F
00
00
3E
05
00
02
06
00
3F
03
00
00
3E
00
00
3F
3F
00
00
3F
00
00
00
00
00
00
00
00
00
00
00
00
00
00
00
00
00
00
00
00
00
00
00
06
04
00
00
04
04
00
07
02
00
00
03
04
00
04
02
00
00
03
03
00
04
03
00
00
03
04
00
04
02
00
00
03
04
00
03
00
09
00
03
04
00
04
02
0F
00
03
04
00
04
03
11
00
03
04
00
03
02
02
00
02
06
00
00
03
00
00
03
04
00
3F
3F
00
00
3F
00
00
00
00
00
00
00
00
00
00
00
00
00
00
00
00
00
00
00
00
00
04
00
00
03
00
00
00
3F
00
3F
02
00
00
01
3F
00
3F
02
00
00
3E
3F
00
3F
03
00
00
3E
3F
00
3F
03
00
00
3E
3F
00
3F
01
00
00
3E
3F
00
00
3F
01
00
3F
3F
00
04
3E
0E
00
03
04
00
01
02
00
00
3F
03
00
3F
3E
00
00
3E
00
00
3F
3F
00
00
3F
00
00
00
00
00
00
00
00
00
00
00
00
00
00
00
00
00
00
00
00
00
00
00
00
3F
00
00
04
3F
00
3F
3E
00
00
3E
3F
00
3F
3E
00
00
3F
3F
00
3F
3E
00
00
03
3F
00
3F
3E
00
00
03
3F
00
3F
3D
00
00
3F
3F
00
3F
3F
00
00
3E
3F
00
3F
03
00
00
3E
3F
00
3F
00
00
00
3E
3F
00
3F
3E
00
00
3E
01
00
3F
3F
00
00
3F
00
00
00
00
00
00
00
00
00
00
00
00
00
00
00
00
00
00
00
00
00
00
00
00
3F
00
00
3F
3F
00
3F
3E
00
11
3E
04
00
3F
3E
00
0E
3E
01
00
3F
3E
00
10
3E
3F
00
3F
3F
00
0C
3E
3F
00
3F
02
00
00
3E
3F
00
3F
02
00
00
3E
3F
00
3F
01
00
00
3E
3F
00
3F
3E
00
00
3E
3F
00
3F
3E
00
00
01
00
00
3F
3F
00
00
06
00
00
00
00
00
00
00
00
00
00
00
00
00
00
00
00
00
00
00
00
00
00
00
00
3F
00
00
3F
05
00
3F
3E
00
00
3E
04
00
3F
00
00
00
3E
3F
00
3F
03
00
00
3F
3F
00
3F
03
00
00
03
3F
00
3F
3D
00
00
03
3F
00
3F
3E
00
00
02
3F
00
04
3E
00
00
3E
3F
00
04
3E
00
00
3E
3F
00
04
3E
00
00
3E
00
00
3F
3F
00
00
3F
00
00
00
00
00
00
00
00
00
00
00
00
00
00
00
00
00
00
00
00
00
00
00
00
00
00
00
00
00
00
00
00
00
00
00
00
00
00
00
00
00
00
00
00
00
00
00
00
00
00
00
00
00
00
00
00
00
00
00
00
00
00
00
00
00
00
00
00
00
00
00
00
00
00
00
00
00
00
00
00
00
00
00
00
00
00
00
00
00
00
00
00
00
00
00
00
00
00
00
00
00
00
00
00
00
00

