00
00
00
00
00
00
00
00
00
00
00
00
00
00
00
00
7F
00
00
7F
00
00
07
7F
00
00
7E
04
00
7F
02
00
00
7E
7F
00
7F
7E
00
00
03
7F
00
7F
7E
05
00
00
7F
00
7F
7D
05
00
7E
7F
00
7F
7E
0F
00
7E
7F
00
00
7E
11
00
7E
7F
00
04
7E
06
00
7F
00
00
7F
00
00
00
02
08
00
7F
02
00
00
7F
00
00
00
00
00
00
00
00
00
00
00
00
00
00
00
00
00
00
00
00
00
00
00
00
7F
00
00
7F
06
00
7F
7F
00
00
7E
03
00
7F
02
00
00
7E
02
00
7F
7F
00
00
03
04
00
7F
7E
00
00
01
7F
00
01
01
00
00
7E
7F
00
04
02
00
00
7E
7F
00
04
7E
00
00
02
7F
00
01
7E
00
00
02
7F
00
04
7E
00
00
7E
00
00
07
7F
00
00
7F
00
00
00
00
00
00
00
00
00
00
00
00
00
00
00
00
00
00
00
00
00
00
00
00
7F
00
00
04
7F
00
7F
01
00
00
02
7F
00
7F
7E
00
00
7E
03
00
7F
7E
00
00
7E
04
00
00
7E
00
00
7E
04
00
02
7D
00
00
7E
04
00
02
7E
00
00
7E
03
00
01
01
00
00
01
7F
00
7F
02
00
00
02
7F
00
7F
7E
1E
00
7E
00
00
7F
7F
00
00
7F
00
00
00
00
00
00
00
00
00
00
00
00
00
00
00
00
00
00
00
00
00
00
00
00
7F
00
00
7F
7F
00
7F
7E
00
00
7E
7F
00
7F
00
00
00
7E
03
00
02
7E
01
00
7E
7F
00
7F
7E
0F
00
7E
7F
00
7F
7D
0D
00
7E
7F
00
7F
7E
00
00
7E
03
00
7F
7F
00
00
7E
7F
00
01
7E
00
00
7E
7F
00
7F
7E
00
00
7E
00
00
7F
7F
00
00
7F
00
00
00
00
00
00
00
00
00
00
00
00
00
00
00
00
00
00
00
00
00
00
00
00
7F
20
00
7F
03
00
7F
7E
0F
00
7E
02
00
7F
02
08
00
7E
7F
00
7F
7F
00
00
03
7F
00
7F
7E
00
00
7F
00
00
03
7D
00
00
7E
04
00
01
7E
00
00
7E
00
00
7F
01
00
00
7E
7F
00
7F
00
00
00
02
7F
00
04
7E
00
00
7E
00
00
7F
7F
00
00
7F
00
00
00
00
00
00
00
00
00
00
00
00
00
00
00
00
00
00
00
00
00
00
00
00
7F
00
00
01
7F
00
07
02
00
00
03
7F
00
05
02
00
11
01
03
00
04
7E
00
00
7E
04
00
04
7E
00
00
7E
04
00
03
7D
00
00
7E
04
00
04
7E
00
00
7E
04
00
04
7E
00
00
7E
04
00
01
7E
00
00
02
06
00
7F
03
00
00
02
0C
00
7F
06
00
00
7F
00
00
00
00
00
00
00
00
00
00
00
00
00
00
00
00
00
00
00
00
00
00
00
00
7F
00
00
01
7F
00
07
7E
00
00
02
7F
00
7F
02
00
00
7E
03
00
7F
7E
00
00
7E
7F
00
7F
7E
06
00
7E
7F
00
7F
7D
0F
00
7E
7F
00
01
7E
0F
00
7E
7F
00
04
7E
0A
00
7E
7F
00
04
7E
00
00
7F
05
00
7F
00
00
00
03
0A
00
7F
06
00
00
7F
00
00
00
00
00
00
00
00
00
00
00
00
00
00
00
00
00
00
00
00
00
00
00
00
7F
00
00
7F
05
00
7F
01
00
00
7E
04
00
7F
02
00
00
7E
03
00
7F
03
00
00
7F
02
00
7F
02
00
00
03
7F
00
7F
02
00
00
03
7F
00
7F
01
00
00
03
7F
00
04
7E
00
00
03
7F
00
04
7E
00
00
02
7F
00
04
7E
00
00
7E
00
00
7F
7F
00
00
7F
00
00
00
00
00
00
00
00
00
00
00
00
00
00
00
00
00
00
00
00
00
00
00
00
7F
00
00
7F
00
00
7F
7E
00
00
7E
7F
00
7F
02
00
00
7E
7F
00
7F
03
00
00
7E
7F
00
7F
03
00
00
03
7F
00
7F
01
00
00
7F
7F
00
04
7F
00
00
7E
7F
00
7F
7E
00
00
00
7F
00
7F
7E
00
00
00
7F
00
7F
7E
00
00
02
00
00
7F
7F
00
00
7F
00
00
00
00
00
00
00
00
00
00
00
00
00
00
00
00
00
00
00
00
00
00
00
00
04
00
00
7F
7F
00
7F
02
00
00
03
7F
00
03
02
00
00
03
7F
00
04
03
00
00
03
7F
00
04
03
00
00
7E
7F
00
01
02
00
00
7E
7F
00
7F
02
00
00
7E
7F
00
7F
02
00
00
7F
04
00
7F
02
17
00
02
06
00
7F
01
16
00
7E
00
00
7F
7F
00
00
7F
00
00
00
00
00
00
00
00
00
00
00
00
00
00
00
00
00
00
00
00
00
00
00
00
00
00
00
00
00
00
00
00
00
00
00
00
00
00
00
00
00
00
00
00
00
00
00
00
00
00
00
00
00
00
00
00
00
00
00
00
00
00
00
00
00
00
00
00
00
00
00
00
00
00
00
00
00
00
00
00
00
00
00
00
00
00
00
00
00
00
00
00
00
00
00
00
00
00
00
00
00
00
00
00
00
00

