00
00
00
00
00
00
00
00
00
00
00
00
FF
00
00
FF
FF
00
06
FE
00
00
FE
04
00
01
02
00
00
FE
02
00
FF
00
00
00
01
FF
00
FF
FE
03
00
02
FF
00
FF
FE
07
00
FE
FF
00
FF
FE
0A
00
FE
FF
00
FF
FE
10
00
FE
FF
00
03
FE
0E
00
FE
FF
00
03
FE
00
00
02
07
00
FF
04
00
00
FF
00
00
00
00
00
00
00
00
00
00
00
00
00
00
00
00
00
00
00
00
00
00
00
00
FF
00
00
FF
FF
00
FF
FE
00
00
FE
04
00
FF
02
00
00
FE
00
00
FF
03
00
00
02
03
00
FF
FE
00
00
03
03
00
FF
FE
00
00
FE
FF
00
03
02
00
00
FE
FF
00
04
01
00
00
FF
FF
00
02
FE
00
00
03
FF
00
01
FE
00
00
01
FF
00
05
FF
00
00
FF
00
00
00
00
00
00
00
00
00
00
00
00
00
00
00
00
00
00
00
00
00
00
00
00
FF
00
00
06
FF
00
FF
FE
00
00
03
FF
00
FF
01
00
00
00
FF
00
FF
FE
00
00
FE
04
00
00
FE
00
00
FE
04
00
01
FE
00
00
FE
04
00
02
FE
00
00
FE
04
00
02
FE
00
00
FE
00
00
00
02
00
00
03
FF
00
FF
FF
00
00
FF
FF
00
FF
FF
46
00
FF
00
00
00
00
00
00
00
00
00
00
00
00
00
00
00
00
00
00
00
00
00
00
00
00
FF
00
00
FF
FF
00
FF
FE
00
00
FE
FF
00
FF
FE
00
00
FE
FF
00
FF
01
00
00
FE
01
00
04
FE
0A
00
FE
FF
00
FF
FE
10
00
FE
FF
00
FF
FE
08
00
FE
FF
00
FF
FE
00
00
FE
01
00
02
02
00
00
03
FF
00
FF
FE
00
00
FE
FF
00
FF
FF
00
00
FF
00
00
00
00
00
00
00
00
00
00
00
00
00
00
00
00
00
00
00
00
00
00
00
00
FF
00
00
FF
FF
00
FF
FE
16
00
FE
04
00
FF
00
09
00
FE
FF
00
FF
02
02
00
02
FF
00
FF
FE
00
00
02
FF
00
00
FE
00
00
FE
02
00
04
FE
00
00
FE
03
00
FF
FE
00
00
FE
FF
00
FF
02
00
00
01
FF
00
02
FE
00
00
01
FF
00
04
FF
00
00
FF
00
00
00
00
00
00
00
00
00
00
00
00
00
00
00
00
00
00
00
00
00
00
00
00
FF
00
00
FF
FF
00
03
00
00
00
03
FF
00
05
02
00
0C
02
01
00
04
01
00
11
FE
04
00
04
FE
00
00
FE
04
00
04
FE
00
00
FE
04
00
04
FE
00
00
FE
04
00
04
FE
00
00
FE
04
00
04
FE
00
00
01
05
00
FF
01
00
00
02
09
00
FF
04
00
00
FF
12
00
00
00
00
00
00
00
00
00
00
00
00
00
00
00
00
00
00
00
00
00
00
00
FF
00
00
FF
FF
00
0A
FE
00
00
03
FF
00
02
00
00
00
FE
03
00
FF
00
00
00
FE
03
00
FF
FE
00
00
FE
FF
00
FF
FE
0A
00
FE
FF
00
00
FE
0F
00
FE
FF
00
03
FE
10
00
FE
FF
00
04
FE
02
00
FE
01
00
03
FE
00
00
02
09
00
FF
04
00
00
02
01
00
00
00
00
00
00
00
00
00
00
00
00
00
00
00
00
00
00
00
00
00
00
00
FF
00
00
FF
03
00
FF
00
00
00
FE
04
00
FF
02
00
00
FE
03
00
FF
03
00
00
FE
03
00
FF
03
00
00
03
FF
00
FF
02
00
00
03
FF
00
FF
02
00
00
03
FF
00
02
FE
00
00
03
FF
00
04
FE
00
00
03
FF
00
03
FE
00
00
FF
FF
00
01
FF
00
00
FF
00
00
00
00
00
00
00
00
00
00
00
00
00
00
00
00
00
00
00
00
00
00
00
00
FF
00
00
FF
FF
00
FF
FE
00
00
FE
00
00
FF
FE
00
00
FE
FF
00
FF
03
00
00
FE
FF
00
FF
03
00
00
00
FF
00
FF
02
00
00
02
FF
00
01
00
00
00
FE
FF
00
02
FE
00
00
FE
FF
00
FF
FE
00
00
00
FF
00
FF
FE
00
00
02
FF
00
FF
FF
00
00
00
00
00
00
00
00
00
00
00
00
00
00
00
00
00
00
00
00
00
00
00
00
00
00
00
00
00
00
00
FF
00
FF
03
00
00
FF
FF
00
FF
02
00
00
02
FF
00
04
03
00
00
03
FF
00
04
03
00
00
00
FF
00
03
02
00
00
FE
FF
00
02
02
00
00
FE
FF
00
FF
03
00
00
FE
01
00
FF
02
08
00
02
05
00
FF
03
1D
00
00
04
00
FF
FF
00
00
FF
00
00
00
00
00
00
00
00
00
00
00
00
00
00
00
00
00
00
00
00
00
00
00
00
00
00
00
00
00
00
00
00
00
00
00
00
00
00
00
00
00
00
00
00
00
00
00
00
00
00
00
00
00
00
00
00
00
00
00
00
00
00
00
00
00
00
00
00
00
00
00
00
00
00
00
00
00
00
00
00
00
00
00
00
00
00
00
00
00
00
00
00
00
00
00
00
00
00
00
00
00
00
00
00
00
00
00
00
00
00

