-1.89981
-1.49271
-1.42879
-1.67529
-2.06252
-3.99324
-2.06323
-2.25807
-1.61183
-1.44449
-1.41269
-4.52486
-3.01698
-1.77618
-2.06487
-2.90623
-1.72301
-3.38945
-4.0513
-3.17139
-4.71747
-2.82635
-4.09297
-2.8132
-2.42648
-2.73035
-0.931458
-2.5928
-1.89117
-3.22504
-5.76732
-1.42189
-0.892105
-5.38504
-2.13576
-1.27747
-1.60403
-1.28322
-3.14076
-1.02032
-1.69508
-1.52138
-3.05754
-2.16226
-2.11401
-1.46817
-4.21538
-1.30289
-1.69432
-2.87842
-1.72807
-1.783
-2.64722
-1.38284
-2.03049
-4.92343
-4.22281
-1.95422
-2.53596
-2.91451
-0.771057
-2.73503
-4.37383
-2.54555
-1.50415
-2.8022
-2.25514
-1.41129
-4.62582
-1.95511
-4.56303
-1.02177
-3.69832
-2.53992
-1.5629
-3.65292
-3.71263
-4.14235
-4.98633
-2.70576
-3.86444
-1.6248
-2.69745
-4.61624
-3.53731
-1.31499
-4.12831
-3.9998
-2.60066
-1.9894
-1.88359
-4.74617
-1.91702
-1.25636
-2.26021
-2.1651
-2.11818
-1.3084
-1.75562
-1.52496
-1.914
-1.55476
-1.30377
-0.959152
-2.56996
-4.53117
-1.72227
-4.10109
-4.87021
-1.77937
-2.66333
-1.61028
-2.05052
-4.99232
-1.78635
-3.07036
-4.6144
-1.82086
-4.47701
-2.37889
-4.78777
-1.39207
-2.85533
-4.04616
-3.90489
-2.00346
-2.09384
-3.98886
-1.50829
-4.8147
-1.53996
-5.87389
-0.726837
-1.84627
-0.366852
-3.81976
-1.95381
-2.26599
-2.02562
-3.4718
-2.13966
-3.77354
-2.94566
-2.17644
-2.24673
-3.18036
-1.34245
1.03932
-1.42731
-4.76393
-1.1586
-5.38011
-1.80988
-0.914047
-4.98512
-4.61314
-1.59962
-4.5723
-2.71367
-4.21657
-2.5145
-3.92969
-2.43945
-2.28085
-1.98613
-2.09665
-1.95494
-4.0907
-2.89178
-4.36153
-1.10854
-1.60382
-2.96268
-3.08101
-1.577
-1.03316
-4.01299
-1.14308
-1.12645
-3.28793
-2.05208
-4.41042
-1.8085
-3.48128
-2.83017
-2.02745
-4.8448
-2.2296
-4.41679
-2.55771
-2.25748
-3.21365
-3.08955
-2.73851
-2.91113
-2.4713
-4.40343
-2.93202
-1.94901
-5.03647
-5.51543
-0.778839
-3.91199
-1.80875
-1.70265
-4.2775
-4.66373
-2.51343
-3.69006
-1.75656
-5.67703
-1.8847
-1.96632
-4.77576
-4.32585
-1.47121
-1.24269
-1.9256
1.36783
-2.7354
-2.23865
-3.34497
-4.87672
-1.76677
-2.16756
-4.44554
-4.76646
-1.89198
-1.82204
-2.8436
-1.61024
-4.93182
-4.51295
-1.79182
-3.22385
-1.34947
-2.34421
-2.87784
-0.595139
-2.37387
-1.41222
-1.72336
-2.09186
-2.22058
-1.19376
-2.66869
-3.89406
-4.08321
-4.12038
-0.0628662
-3.0921
-1.5984
-1.77074
-3.87108
-3.0943
-1.94313
-2.03983
-3.11124
-3.13594
-4.38928
-2.54568
-2.15353
-2.81897
-5.2193
-1.26988
-0.987335
-3.49315
-1.86604
-2.47781
-4.81334
-3.23575
-1.78668
-2.27544
-2.30615
-1.26822
-3.22549
-4.121
-3.07686
-2.08394
-0.636749
-1.12039
-1.08424
-3.10031
-3.54436
-3.06799
-1.39854
-4.6658
-2.02942
-2.67429
-4.1174
-4.48582
-1.68646
-4.20258
-1.99484
-2.15378
-2.17279
-2.13281
-1.64816
-1.80635
-1.35373
-2.92236
-1.36618
-1.66376
-1.63116
-2.00749
-2.56229
-2.07747
-1.52458
-1.29892
-2.34087
-2.23958
-5.02121
-1.94351
-2.19643
-2.87373
-4.56178
-1.46904
-1.55791
-2.69698
-2.18571
-1.45206
-2.57433
-1.46645
-4.60439
-1.54039
-1.7169
-1.81648
-1.48363
-4.29929
-4.60429
-2.35725
-3.53932
-4.48251
-2.42336
-5.06323
-1.59358
-5.41341
-2.69791
-2.05756
-2.59425
-1.86681
-4.18391
-2.9223
-4.71623
-3.25467
-1.76895
-1.8804
-4.90465
-1.87578
-1.44981
-2.02165
-1.80327
-2.69325
-5.03172
-1.99564
-3.84201
-5.18401
-5.42719
-4.24144
-1.24393
-1.45172
-4.51842
-2.68925
-3.21889
-5.26537
-3.37416
-0.947739
-2.41785
-3.12689
-5.39078
-1.7245
-1.57321
-1.97095
-3.01042
-2.18021
-1.99854
-4.31503
-2.0858
-0.77211
-1.81635
-2.11374
-1.79411
-5.15544
-4.45757
-4.75734
-3.83656
-2.04799
-2.17587
-4.83675
-2.7818
-5.06641
-4.59158
-1.56604
-4.36304
-3.90947
-1.95322
-2.53828
-3.27441
-4.51933
-1.82518
-4.76903
-1.73245
-1.74419
-5.49158
-2.26819
-5.13124
-1.99681
-2.21552
-2.10001
-1.72731
-1.9584
-0.427094
-2.24838
-2.59175
-3.06972
-1.96616
-4.13426
-4.28088
-1.95978
-5.08383
-2.55856
-3.16103
-1.60074
-3.29309
-4.40843
-4.46873
-1.32335
-4.3553
-1.94052
-2.73372
-2.24094
-2.30881
-2.02409
-1.80775
-4.44356
-1.95901
-2.48172
-4.97743
-4.43362
-4.94952
-2.89038
-3.51248
-4.59641
-1.89275
-4.3342
-1.9082
-1.31079
-0.788177
-2.51277
-2.96207
-3.4827
-2.44443
-3.02945
-5.34625
-1.80983
-1.5833
-1.46054
-4.0311
-2.10402
-1.67548
-2.53226
-2.34811
-2.00012
-1.91281
-1.46782
-3.91183
-5.39438
-3.18956
-5.13617
-2.06404
-1.9425
-1.90797
-4.79829
-1.91675
-1.61815
-1.94826
-4.24921
-4.51094
-2.83749
-0.482224
-4.56377
-1.21104
-5.12003
-1.67056
-2.87073
-5.08032
-2.62454
-2.93735
-2.63354
-1.77904
-2.2802
-1.47635
-2.84497
-1.7937
-1.51959
-1.42314
-1.61302
-4.3273
-1.6263
-3.92786
-1.78406
-2.85451
-4.02101
-4.72717
-4.17805
-3.10146
-1.46274
-4.70326
-4.12827
-2.19179
-4.45508
-2.92947
-2.61823
-2.34393
-2.71169
-1.73947
-1.37961
-4.6449
-2.90799
-3.1508
-2.52536
-1.82826
-1.23857
-2.85384
-2.65796
-4.96805
-1.05368
-1.53868
-4.91347
-3.66003
-4.18835
-4.1976
-4.38057
-1.60893
-2.01547
-1.38779
-3.41533
-4.71631
-1.62454
-2.48036
-3.21996
-2.3734
-4.93842
-1.61942
-1.97139
-1.74052
-1.7142
-4.42177
-3.3282
-4.59671
-5.08081
-1.78354
-3.26065
-1.62135
-1.72073
-1.06183
-4.41631
-2.91608
-4.33188
-1.40967
-1.79004
-2.632
-1.96364
-5.49265
-1.71863
-5.37599
-2.3261
-1.89551
-1.75479
-2.00452
-0.972168
-2.87758
-3.1812
-1.25424
-1.50339
-1.69009
-1.37747
-2.46658
-1.11028
-4.29472
-2.66393
-2.27663
-4.13261
-1.39359
-4.15578
-2.19659
-5.69803
-2.54379
-3.90683
-4.75987
-5.02724
-4.57101
-1.41801
-1.91089
-2.91869
-3.40216
-3.07057
-1.90207
-4.7438
-3.42183
-3.55469
-4.82118
-2.57758
-1.03584
-0.856903
-2.07709
-4.7838
-1.77345
-4.46854
-3.41513
-3.62578
-2.02234
-2.43613
-2.75116
-1.64885
-3.38293
-2.13667
-1.69563
-2.883
-2.8613
-4.17487
-1.33801
-3.82556
-3.42853
-3.23425
-1.57574
-1.71542
-2.82002
-1.80028
-4.84491
-3.20439
-2.35548
-2.82484
-1.84982
-4.39906
-3.14545
-2.6909
-5.53157
-1.76672
-4.8447
-4.53651
-1.03096
-1.78911
-1.67238
-4.04451
-3.94072
-1.9744
-2.93391
-3.4057
-1.87315
-1.08041
-2.68312
-3.00305
-0.30452
-1.11647
-1.89507
-2.72707
-1.45222
-1.75462
-2.7774
-1.25345
-1.53865
-2.71555
-4.93314
-4.9622
-2.53853
-2.51521
-2.61948
-1.14363
-1.5106
-2.25005
-3.69113
-1.86218
-1.10742
-3.01825
-2.81012
-1.31075
-2.38324
-2.25435
-3.03871
-4.65846
-1.87675
-3.99329
-2.66574
-3.85078
-2.59924
-4.88463
-1.72165
-3.075
-1.9568
-2.07095
-1.42479
-3.8679
-5.3502
-1.68065
-1.8829
-2.21989
-2.66518
-2.62396
-5.07462
-3.11237
-2.71121
-2.88246
-2.36324
-3.81364
-1.24196
-3.18636
-5.21655
-1.18997
-5.22104
-2.76939
-4.18806
-2.82835
-3.9205
-1.85469
-2.76762
-3.08797
-4.839
-3.29407
-5.14459
-1.42873
-1.88335
-3.83124
-2.74287
-4.94135
-1.56943
-3.09081
-2.6368
-1.61055
-2.19809
-4.32278
-1.8382
-2.35982
-2.91823
-1.5851
-4.74039
-4.06163
-2.10066
-0.791336
-3.58745
-5.07332
-1.97403
-4.99596
-1.74934
-5.11948
-1.38612
-2.84868
-2.12262
-1.862
-2.36079
-1.8363
-4.04839
-1.90375
-4.70915
-4.53264
-4.48763
-2.5881
-2.73436
-1.60358
-4.41141
-1.75929
-4.12816
-3.07796
-3.08017
-2.84494
-4.93201
-4.24214
-3.49269
-1.85704
-3.89771
-2.424
-4.5573
-4.03467
-4.09741
-2.5842
-0.711975
-1.64322
-2.26521
-3.01747
-2.71152
-2.43391
-3.57939
-4.70308
-1.30962
-4.48811
-0.937851
-1.9136
-4.67461
-3.04562
-2.19734
-2.92567
-1.30693
-2.59256
-4.73488
-5.47285
-4.66171
-1.91463
-4.62119
-1.09319
-4.44302
-2.97279
-2.66383
-0.634384
-5.22701
-1.2588
-1.84634
-1.55824
-3.36496
-2.06226
-1.97592
-1.2774
-3.97531
-4.96094
-1.95624
-3.15015
-1.968
-2.26219
-1.65637
-1.86688
-1.65688
-2.51776
-2.06274
-4.34566
-2.02734
-5.07053
-1.93361
-2.71648
-2.41763
-4.99599
-2.61726
-1.73532
-3.21965
-5.5889
-2.52562
-1.52412
-2.70798
-5.26761
-4.89369
-4.78621
-1.58141
-3.79823
-1.77988
-4.84538
-4.02779
-1.79527
-3.21384
-2.48077
-4.73097
-2.77202
-4.13722
-5.24246
-3.92303
-2.27507
-2.69943
-3.8253
-2.54532
-1.60728
-1.38591
-2.75952
-2.86427
-1.59184
-1.04182
-1.83725
-4.91635
-1.55637
-2.22269
-2.59958
-3.30859
-2.02396
-1.57834
-5.01237
-1.06808
-2.77495
-5.28313
-3.55934
-2.10826
-2.51144
-0.86795
-4.78035
-1.80522
-1.21338
-5.13701
-1.95233
-1.94829
-1.3989
-1.08272
-4.33754
-2.56369
-5.12317
-3.20258
-0.273987
-1.58542
-2.18478
-5.47345
-2.36969
-1.51604
-1.91766
-4.57487
-1.91069
-3.54549
-4.60522
-0.995407
-2.69344
-0.846466
-2.55653
-3.48326
-2.00317
-3.34335
-2.02805
-2.62471
-1.74084
-1.83334
-3.65068
-5.14865
-1.66771
-1.59114
-1.5885
-1.03963
-1.3428
-2.18561
-2.06598
-1.59332
-2.23715
-2.25278
-4.46741
-2.38925
-1.66194
-5.9422
-1.63249
-1.72882
-1.55998
-5.27971
-2.92845
-4.36533
-1.9352
-2.75563
-2.20522
-2.21207
-3.75507
-3.90402
-1.12978
-3.42195
-2.63026
-1.28847
-4.98634
-1.7599
-1.68753
-2.69049
-2.84633
-5.49939
-2.50758
-1.72897
-5.31151
-2.21999
-1.31624
-2.40468
-2.1552
-4.10132
-4.36475
-4.19351
-4.11267
-2.54211
-1.70071
-2.44547
-2.33705
-2.22701
-4.51422
-4.69711
-3.0528
-4.05798
-3.57709
-2.89922
-2.31151
-5.08185
-2.70485
-3.99464
-2.44995
-3.8331
-3.22733
-1.97951
-2.34142
-4.67021
-1.32388
-5.04744
-2.46017
-1.51682
-0.724976
-2.89114
-3.70773
-1.87166
-1.86839
-2.71783
-2.85336
-1.81062
1.40439
-1.89246
-2.48174
-1.55608
-1.89764
-3.03062
-4.34129
-1.63382
-3.40282
-5.38414
-2.17439
-4.99367
-3.16315
-2.67377
-2.67175
-1.26399
-3.8979
-4.40132
-5.42514
-2.37964
-2.84462
-4.90689
-4.20102
-4.8866
-1.78552
-1.93964
-1.91328
-2.88544
-2.70821
-5.25992
-1.33371
-4.78259
-5.36981
-3.54207
-1.95465
-3.29442
-1.95178
-5.48543
-0.830551
-2.8519
-2.04276
-1.37682
-3.60417
-1.51274
-2.56081
-3.21213
-2.38203
-1.56377
-1.45389
-3.13853
-1.37488
-1.54919
-0.582184
-2.37778
-2.74791
-1.56978
-2.44821
-1.58498
-1.5657
-1.81775
-1.59969
-1.81375
-2.96829
-2.5374
-2.49788
-1.39157
-1.40839
-5.35715
-5.2504
-1.15839
-2.8578
-1.31599
-1.1248
-1.84531
-1.35205
-1.42702
-1.5374
-2.15782
-2.12474
-1.94334
-2.10286
-1.44388
-2.07451
-1.7632
-1.48816
-1.66597
-3.64641
-3.75507
-2.70795
-1.70815
-4.07993
-4.36522
-2.00468
-0.786819
-4.57475
-2.8678
-1.83022
-1.23743
-2.215
-1.99168
-1.65923
-1.09625
-1.73642
-4.12437
-1.70743
-3.28288
-2.45363
-3.12848
-4.61053
-1.3743
-0.568192
-2.04466
-3.33961
-1.62837
-2.59622
-4.62271
-4.78111
-1.72049
-1.22923
-4.14378
-3.26494
-1.12314
-5.38811
-1.78122
-1.66779
-1.71327
-2.52179
-5.13512
-2.10733
-1.6812
-3.08134
-4.86539
-3.02885
-4.31635
-4.16811
-3.43474
-2.50757
-4.58873
-1.998
-2.83655
-2.1515
-3.70628
-4.65161
-1.83401
-5.43137
-1.06117
-1.6758
-2.72708
-1.57254
-2.9395
-2.1051
-3.15019
-3.24437
-1.66998
-2.77405
-4.95738
-3.78209
-3.73532
-1.15096
-3.78207
-4.28705
-4.46725
-1.69591
-1.14586
-4.63298
-4.95036
-2.6799
-1.56035
-1.81581
-1.82855
-1.56479
-1.83777
-2.806
-2.01758
-3.05122
-1.47758
-3.89546
-2.71474
-1.63773
-1.64894
-4.95425
-5.27191
-4.31871
-4.58167
-3.33134
-4.09497
-1.91692
-1.98016
-2.36601
-4.41286
-1.50987
-1.33435
-4.88168
-5.0443
1.60896
1.96217
0.170441
2.47314
2.08289
1.83362
2.03215
2.54065
1.63203
1.80258
2.43416
-0.0679016
2.45137
1.77313
1.98291
1.97067
1.99661
2.06992
1.94388
2.27228
1.88628
0.762054
1.70731
1.41331
2.60207
2.2061
2.62038
0.233734
1.96722
1.77534
0.358566
2.18324
1.11194
0.608795
2.46527
2.31772
2.46651
2.57359
2.5078
2.44849
1.74365
1.97989
2.10635
1.85925
1.88252
1.25185
1.41269
2.43779
1.82762
2.59254
1.97656
2.8627
1.43732
1.1794
1.80899
2.14818
0.788147
1.68036
1.85144
1.90877
2.24577
2.06305
2.33809
-0.252136
1.58647
2.02425
2.40617
1.87807
0.885376
1.42854
1.78238
2.05377
-0.544586
2.12659
2.09239
1.88196
2.23264
1.38446
1.72604
1.98553
2.20134
2.22792
2.15688
1.42329
1.27005
1.79771
1.42743
1.85565
1.74892
2.03613
2.37006
1.68558
1.52528
1.73669
1.7659
1.88219
1.82829
1.539
1.8894
1.71576
1.59329
1.61154
1.35851
0.51741
1.5927
1.82838
1.53226
0.487976
1.99622
1.4962
1.56166
1.17509
1.29153
2.17711
2.69206
1.70706
2.24112
2.25407
2.36639
1.20879
1.5759
1.1669
2.51125
2.44943
1.76433
1.22069
1.43938
2.4425
2.06259
1.32478
1.5549
2.009
2.0475
2.62881
1.80466
1.05406
1.2744
1.34436
0.187134
1.18134
1.65094
2.55344
1.87819
1.47978
1.99962
2.21098
1.30002
2.40468
1.73132
2.54546
1.79103
0.679398
1.58131
1.77071
2.1162
2.62592
2.17984
1.84624
1.09903
2.5139
1.39455
2.58075
0.951309
1.68158
1.75887
1.12224
0.194748
2.04335
1.61436
1.18433
1.74034
2.53729
1.4872
1.52351
2.01315
2.09651
1.65358
2.29636
1.45613
1.19682
1.99362
2.33009
1.57826
2.09982
1.66127
1.80634
2.80881
0.955612
2.34172
2.20581
1.96477
1.04468
2.83627
1.92131
2.28693
0.899017
1.4986
2.20413
1.8037
2.17238
2.02156
2.76756
1.43365
1.63612
2.38048
2.15547
2.38174
1.75087
1.88228
1.51488
1.41931
1.4165
1.4982
1.64427
1.74734
-0.0484009
1.36319
2.09949
1.681
2.35411
1.28607
1.94424
1.88914
1.45819
-0.404556
1.28954
1.19109
1.38803
1.70639
1.19991
2.61752
1.89847
1.89098
2.74712
2.11913
1.53676
1.38824
2.39091
2.05862
1.42572
1.88571
1.76329
2.15488
1.63626
1.62427
2.47316
2.22432
1.28304
1.06749
1.99632
-0.0528412
2.16737
1.34724
2.39178
1.80275
2.44148
2.55913
2.00931
2.87698
2.27821
2.21072
2.26653
1.03282
1.57693
1.57843
1.49034
2.03156
1.72086
2.32849
1.44746
1.91016
1.8839
1.18274
1.09198
1.48181
1.19888
1.89449
1.2868
1.61816
2.13495
1.62523
1.68784
2.52878
1.41574
1.96283
2.29932
0.0908051
2.52786
-0.607758
-0.0443573
1.04063
2.73911
2.36061
1.9825
1.86185
-0.179779
2.41844
2.34108
1.64566
1.55827
1.65965
2.34944
2.07474
2.38388
2.56654
1.96526
1.59366
1.41324
1.96434
1.3064
1.59464
-3.2197
1.9545
2.37675
1.16847
1.07603
1.53101
2.1208
2.13602
1.06287
-0.227036
2.32056
1.40094
0.914398
2.24641
2.55643
2.23779
1.03743
1.54056
2.3362
2.16531
1.63026
2.42561
1.44542
0.933243
2.04263
1.50653
2.33995
1.77951
2.02742
1.30016
1.60916
2.23528
2.66479
1.55878
2.65445
1.86278
2.08948
2.77441
1.64386
1.5266
2.17549
2.02438
2.33003
2.44669
1.67137
0.521881
1.31313
1.64641
2.34276
1.22043
2.20302
1.87756
1.64456
1.93073
1.63348
1.74966
1.77272
1.10074
1.4028
1.41193
2.68254
1.53792
0.194687
0.889709
1.74368
1.85251
2.37004
1.79881
2.16585
1.94737
1.52852
2.56448
2.61983
2.04033
2.15907
1.79694
1.92276
1.66203
2.34564
1.70657
1.86957
2.34743
1.48311
1.55589
1.87602
1.78087
2.93391
1.22501
1.34473
1.91707
2.24664
1.73676
2.38014
2.22098
2.04895
2.11223
0.629593
1.6398
2.49626
-0.83548
2.2979
1.81972
-3.87976
1.78633
2.79195
2.97514
1.32904
1.92154
1.9709
1.84764
1.55434
2.38541
1.62764
1.76213
2.47458
2.21681
2.25174
2.65092
-0.62822
1.86716
1.77794
2.13136
1.35847
2.21031
1.57393
1.36554
2.03288
2.20364
2.12137
2.04964
1.90233
1.64226
1.98874
2.06145
1.11435
1.74277
1.02701
2.35075
2.05484
1.42531
1.45302
1.58153
-0.34787
1.21039
1.65193
2.0139
1.84987
1.06969
1.46954
2.20726
1.68951
1.83725
1.44402
2.59648
1.8961
1.87347
1.4599
2.53011
-0.465347
0.379883
2.38885
1.34016
1.59348
1.78163
1.63008
1.23322
2.08128
2.46683
2.15186
2.55591
1.4973
1.81294
2.5836
2.47984
0.846527
2.19429
1.87357
0.593094
2.12967
2.35167
2.02321
1.83565
1.61926
1.97954
1.79129
1.52054
2.94611
2.02516
1.92987
1.85855
1.1199
2.2695
-0.454849
2.5249
2.25691
2.30406
2.3958
2.03201
1.81888
1.77209
1.56792
2.0491
0.270172
2.30717
2.04335
2.24112
1.89503
1.95847
1.45941
1.81229
-0.571335
1.41653
1.71971
2.22887
1.73596
2.58595
2.65703
1.96973
1.67137
1.57951
1.62447
1.50726
1.75537
2.23262
1.88383
2.2225
1.44635
2.50063
2.1107
2.59256
1.43767
1.7296
2.42027
1.78079
0.846573
2.35512
2.08549
1.35152
2.02216
1.66719
-0.044693
2.68407
1.68448
0.354935
1.23216
2.11568
2.3044
1.48178
2.05504
2.23224
2.26099
1.77261
2.44733
2.06406
1.53041
1.82196
1.19446
1.18982
2.20604
2.01932
2.44597
1.66801
2.03552
0.0149689
1.83539
1.96713
1.47066
2.32518
1.30743
2.00607
1.97202
2.06804
1.7399
0.984589
1.69536
2.7852
1.38913
1.42448
2.42639
2.83646
2.218
1.44107
1.92664
1.04785
1.67575
2.33731
1.73238
1.6346
1.68974
1.53482
1.96512
1.92731
2.26874
1.83922
2.2487
1.38817
1.41914
1.5997
1.89662
2.44785
2.12155
2.30765
0.861694
1.65599
0.696655
2.56076
1.20468
1.28038
1.63489
2.67595
1.53891
1.93123
2.66576
2.38399
2.11104
1.79237
2.20169
0.136871
2.29065
1.69756
1.689
1.58592
1.06903
0.393845
2.01677
1.72235
1.66728
1.81551
2.39157
1.91129
1.67673
2.02805
1.3645
0.831894
2.01767
-1.80202
1.80594
1.55882
1.48511
1.67488
2.20325
1.86342
1.94476
-0.385269
1.84492
2.29893
2.4659
1.70493
1.71767
1.61909
2.26212
1.74768
2.33652
2.3709
2.11804
2.42072
1.58694
1.52562
1.15135
1.97896
2.36151
1.53261
0.778305
1.66635
1.62692
2.71727
2.20229
1.22966
1.57211
1.73845
1.6091
2.3022
1.85059
1.68315
1.94995
1.74713
2.01682
1.90903
0.912735
1.51721
1.73448
1.63557
2.33501
2.17819
1.88737
2.35049
3.16736
2.02153
2.30586
0.331406
2.20221
2.30199
2.54948
0.821884
1.95531
1.59328
2.09412
2.61836
1.49916
1.82597
2.09947
2.43782
1.76556
2.7067
1.03839
1.94293
1.43875
2.00179
1.61035
2.7525
1.50606
1.95341
1.94632
1.50856
1.20638
1.52187
2.2495
2.52995
2.1143
1.6713
2.38501
1.89439
2.01167
1.38231
1.66806
1.85812
2.13777
2.28622
1.74602
1.46361
2.05899
0.329117
1.36922
2.16528
2.48969
1.70184
2.07451
1.93143
1.54973
1.40045
0.111954
1.22192
1.47902
1.77565
2.49487
1.54803
1.7359
0.853729
2.09535
1.2382
2.19394
1.20038
1.95177
2.06888
2.42145
1.7578
2.09308
1.5798
1.87614
1.56123
1.11559
2.30276
1.5912
0.430191
0.867004
1.12531
2.04305
1.88963
2.5262
2.17899
1.95613
1.29025
1.46738
1.5354
2.24518
2.21156
2.31071
2.00307
1.48973
2.05782
2.11467
-0.726837
1.97594
2.32471
1.50854
1.33275
1.93562
2.40407
1.62894
1.98885
1.21768
2.49182
1.85683
1.2674
1.57149
1.71751
2.11305
1.51337
1.42281
1.69604
0.986023
2.29208
0.12468
0.881577
1.69972
1.146
1.76024
1.14456
1.6638
1.91251
0.89386
1.74786
1.91269
1.94844
2.47078
2.29764
2.55843
1.30193
1.92114
2.00128
2.39243
2.72081
1.81526
2.0799
2.52835
1.16144
1.7207
1.50822
1.96007
1.7093
1.48198
1.98926
-3.19902
1.89856
0.840408
1.34612
1.65511
2.48204
1.51265
2.13901
1.16237
1.9534
2.17946
2.25716
0.019928
1.74733
2.29787
1.79677
2.14886
1.99504
2.5724
-0.45462
1.89798
1.72208
1.76357
2.12675
0.342651
2.04161
1.34203
2.08208
1.69987
2.46327
0.941696
2.40733
2.63031
1.8492
2.58923
2.41469
2.29944
1.74478
1.65788
-0.273407
1.1823
2.31813
2.75778
1.93433
2.40407
1.83012
2.58723
1.98524
1.24287
2.09785
1.90355
2.04791
2.27759
1.6922
0.838715
0.958344
1.94197
1.49158
-0.268356
2.30792
2.10776
1.13394
1.56432
2.40775
2.64432
1.96811
2.15587
2.20084
2.30368
2.29523
1.66962
1.71809
1.83731
1.53282
2.34444
2.64604
2.62936
2.20802
1.85588
1.52328
0.738297
0.437622
2.2244
2.07516
2.53635
1.63901
1.96236
1.3325
1.42155
1.92798
1.59854
2.35948
1.8383
1.77452
2.51514
2.23079
2.3141
1.57043
1.88226
2.07065
1.42267
1.74533
2.15532
1.79842
1.50012
2.71249
2.32225
2.06229
1.76518
1.54051
1.40816
1.28743
1.40831
2.21312
1.5874
2.60832
2.27138
0.200119
1.43362
2.1512
0.483704
1.94307
1.92827
1.14563
1.65912
2.1759
2.12234
1.48006
1.4091
2.46541
1.03348
1.9407
1.28259
1.62752
0.786377
1.31613
1.96075
1.71712
1.80014
2.29237
1.56099
1.57147
0.352722
1.74113
1.21237
2.34792
1.9985
2.46165
-1.729
2.22038
0.00105286
1.8656
0.85228
2.42906
1.36119
2.5656
2.33549
2.12933
1.44135
0.31871
1.78844
2.06778
2.05696
2.09186
2.32793
1.74953
1.79161
1.72958
2.11388
1.65398
2.03806
1.75967
1.8307
1.36009
1.50618
2.08105
1.5298
2.36711
-0.41481
1.65877
1.97678
1.57597
1.79691
1.63205
1.82703
0.610901
1.95654
1.93893
1.07797
0.867722
2.44414
1.76389
1.56868
2.60785
2.08253
1.90794
2.84822
2.0106
1.81
-0.53923
1.79425
2.10083
1.57109
2.30089
1.72946
1.81894
2.71646
1.41075
1.50682
2.00937
2.69273
1.72269
2.25551
1.46593
2.48558
-0.321259
1.78731
2.02779
2.52977
1.89146
1.45967
1.05383
1.88278
1.99072
2.21678
2.16263
2.32608
1.88794
2.42941
0.303238
-0.461624
2.68483
2.05962
2.04601
1.32642
1.46822
1.87697
1.24402
1.66534
1.83792
1.52213
1.7901
1.29283
1.44629
2.4901
0.964844
-0.601151
2.06532
2.40508
1.67351
-0.166046
0.839203
2.16158
1.93262
1.64479
1.30981
0.243225
1.52728
1.30917
1.91714
1.86459
2.00264
1.9901
3.1257
-0.339432
2.20352
2.39487
2.32156
2.28145
1.93001
2.61931
2.18085
2.1391
1.48889
1.76846
1.46199
1.70815
1.85999
1.40726
2.658
1.95758
1.2766
-0.351822
2.24738
1.02562
2.39484
0.0177917
1.89755
1.18182
1.61971
1.51721
1.46838
1.31593
1.29681
1.90021
1.01253
1.84579
2.2966
2.24458
1.43666
1.58083
1.68974
1.37944
2.25446
0.791321
1.79582
1.37495
1.49484
1.99678
-0.759918
-0.0627289
2.60059
1.82153
2.06325
2.40575
2.28525
1.10075
1.73489
2.06378
2.36578
1.77214
2.23271
0.0309296
0.857422
2.13419
1.31487
1.59178
1.41716
1.93257
1.31128
1.06728
1.52263
-0.00198364
0.407852
1.68903
2.37428
2.11731
2.32144
2.05457
1.62234
1.51445
1.35709
1.60814
1.84149
-0.0371552
1.73909
2.23999
2.04248
2.16278
1.77737
1.75713
1.66057
1.62631
1.21852
2.3596
2.17139
0.983215
2.16525
2.03868
2.04449
1.88513
1.95996
1.95471
1.71834
1.95866
1.50064
1.59665
0.232071
1.18712
1.15146
1.8842
1.83269
1.15157
1.12679
2.68675
2.17696
2.03819
1.68478
1.56163
1.88295
1.89232
2.18079
2.37076
1.59927
2.5123
1.44749
0.202484
2.56645
0.36705
1.38783
2.09798
1.96008
1.96779
1.62482
1.99178
1.3376
2.41621
2.49802
2.41971
1.24178
2.24242
1.92366
0.168381
1.43706
2.13786
2.17824
2.13487
1.99817
1.00185
2.32204
1.58423
1.11163
2.50423
2.67923
1.33704
1.47591
2.35344
1.92047
1.19743
1.96745
1.37154
2.48274
1.44777
1.4639
1.81641
2.09579
-0.991989
2.29305
2.3848
-0.00161743
1.44707
1.5446
1.33401
1.13652
2.22061
1.06343
1.77113
1.50764
1.73004
1.43062
2.02057
2.46977
2.05505
2.57899
1.15129
1.75433
1.88881
1.67476
1.9472
2.38528
1.90999
1.80635
2.21968
2.05377
1.49565
2.63383
1.38373
1.93214
1.94948
1.00125
2.10577
1.86157
1.29266
2.48502
1.18823
0.572723
-0.761093
1.08571
1.84369
1.93315
1.45627
1.63849
2.27293
2.27675
2.47081
1.75667
1.8866
2.15068
1.03145
2.78406
2.06007
2.45447
1.31549
1.28905
1.22304
2.50768
2.08731
1.59256
1.72586
2.19073
1.94585
2.41438
2.49718
0.826141
2.00589
1.53569
1.72061
1.75279
-0.219299
2.1035
1.37248
2.05415
1.54178
1.519
0.810287
2.08118
1.18878
1.13095
1.7742
2.48073
1.78613
1.84254
2.00026
1.94341
2.0396
1.50308
1.89961
0.273773
1.4091
1.43881
1.97736
2.12027
1.55539
1.82909
1.90024
1.95361
1.74664
2.19661
2.29048
1.91698
2.06393
1.96698
1.54051
0.700027
1.0531
1.36021
1.52277
1.55144
2.38388
1.56964
1.67857
1.43999
-1.05719
2.0307
1.93268
2.00682
2.71259
1.48738
1.875
1.99118
2.38571
1.26015
1.13994
1.3344
1.42868
1.39905
1.87863
1.31714
0.75499
0.976791
1.71158
1.93257
1.59763
1.93779
2.54549
2.1559
1.681
2.36697
2.49086
1.96255
